10000
680.375
-211.234
566.198
596.88
823.295
-604.897
-329.554
536.459
-444.451
107.94
-45.2059
257.742
-270.431
26.8018
904.459
832.39
271.423
434.594
-716.795
213.938
-967.399
-514.226
-725.537
608.354
-686.642
-198.111
-740.419
-782.382
997.849
-563.486
25.8648
678.224
225.28
-407.937
275.105
48.5744
-12.834
945.55
-414.966
542.715
53.49
539.828
-199.543
783.059
-433.371
-295.083
615.449
838.053
-860.489
898.654
51.9907
-827.888
-615.572
326.454
780.465
-302.214
-871.657
-959.954
-84.5965
-873.808
-523.44
941.268
804.416
701.84
-466.669
79.5207
-249.586
520.497
25.0707
335.448
63.2129
-921.439
-124.725
863.67
861.62
441.905
-431.413
477.069
279.958
-291.903
375.723
-668.052
-119.791
760.15
658.402
-339.326
-542.064
786.745
-299.28
373.34
912.937
177.28
314.608
717.353
-120.88
847.94
-203.127
629.534
368.437
821.944
-35.0187
-568.35
900.505
840.257
-704.68
762.124
282.161
-136.093
239.193
-437.881
572.004
-385.084
-105.933
-547.787
-624.934
-447.531
112.888
-166.997
-660.786
813.608
-793.658
-747.849
-9.11187
520.95
969.503
870.008
368.89
-233.623
499.542
-262.673
-411.679
-535.477
168.977
-511.175
-695.22
464.297
-749.05
586.941
-671.796
490.143
-850.94
900.208
-894.941
43.1268
-647.579
-519.875
595.596
465.309
313.127
934.81
278.917
519.47
-813.039
-730.195
40.4201
-843.536
-860.187
-590.69
-77.1591
639.355
146.637
511.162
-896.122
-684.386
999.987
-591.343
779.911
-749.063
995.598
-891.885
741.08
-855.342
-991.677
846.138
187.784
-639.255
-673.737
-216.62
826.053
639.39
-281.809
104.97
158.86
-94.8483
374.775
-800.72
61.616
514.588
-391.41
984.457
153.942
755.228
495.619
257.82
-929.158
495.606
666.477
850.753
746.543
662.075
958.868
487.622
806.733
967.191
333.761
-5.48296
-672.064
660.024
777.898
-846.011
299.414
-503.912
258.959
-541.726
401.24
-366.266
-342.446
-537.144
-851.678
266.144
-552.687
302.264
21.3719
942.931
-439.916
92.2138
438.537
-773.439
-57.0331
185.08
888.636
-98.1649
-327.298
695.369
-130.973
-993.537
-310.114
196.963
666.487
-532.217
350.952
-34.0994
-36.1284
-390.089
424.175
-634.888
243.646
-918.271
-172.033
391.968
347.873
275.28
-305.768
-630.755
218.212
254.316
461.459
-343.251
480.877
-595.574
841.829
369.513
306.261
-485.469
64.8819
-824.713
-479.006
754.768
372.25
-812.52
-777.449
-276.798
153.381
186.423
333.113
-422.444
551.534
-423.241
-340.716
-620.498
968.726
-992.843
654.782
-337.042
-623.598
-127.006
917.274
837.861
529.743
398.151
-757.714
371.572
-232.336
548.547
886.103
832.546
723.834
-592.904
587.314
96.0841
-405.423
809.865
819.286
747.958
-3.71215
152.399
-674.487
-452.178
729.158
-15.2024
-72.6757
697.884
-8.04521
-417.893
-639.158
368.357
455.101
-721.884
206.218
-15.1566
676.267
448.504
-643.585
-556.069
-2.94904
-757.482
-723.523
-279.115
-350.386
863.791
816.969
244.191
673.656
636.255
-7.85116
-330.057
-211.346
317.662
217.766
-482.188
-697.54
-854.91
-784.303
294.415
-272.803
-423.461
-337.228
-817.703
-145.345
868.989
167.141
-469.077
317.493
523.556
-25.1463
-685.456
766.073
251.331
35.4294
-584.313
115.121
-147.601
659.878
-211.223
-511.346
-347.973
458.72
277.308
969.689
-323.514
795.121
-727.851
-178.424
-989.183
566.564
548.772
-412.644
-770.664
731.07
442.012
-901.675
-101.79
972.934
415.818
-578.234
-52.212
730.362
-812.161
-800.881
-234.208
-396.474
314.24
618.191
-736.596
-896.983
-893.155
-84.5688
561.737
384.153
-114.88
-761.777
179.273
157.27
59.7984
190.091
-276.166
-391.429
777.447
-46.8307
-660.359
219.458
51.4942
237.851
192.392
-532.688
659.617
-859.82
-802.325
847.456
-660.701
-36.5333
-549.018
653.539
-418.343
-285.614
756.555
-311.498
629.817
318.292
-927.345
-485.062
556.515
251.928
672.207
-383.687
-557.981
-603.959
224.884
-780.535
349.21
564.525
438.924
-599.295
-197.625
-368.684
-131.983
-538.008
-228.504
65.692
-690.552
110.795
-970.841
-239.571
-235.666
-389.184
474.815
-479.11
299.318
104.633
839.182
371.973
619.571
395.696
-376.099
291.778
-987.99
65.9197
687.819
236.894
285.385
37.0298
-198.582
-275.691
437.734
603.793
355.625
-694.248
-934.215
-872.879
371.444
-624.767
237.917
400.602
135.662
-997.749
-988.582
-389.522
-476.859
310.736
715.11
-637.678
-317.291
334.681
758.019
306.61
-373.541
770.028
-627.47
-685.722
6.92197
657.915
351.308
808.34
-617.777
-210.957
412.133
737.848
94.7942
477.919
864.969
-533.762
853.152
102.886
866.84
-11.1862
105.137
878.258
599.291
628.277
188.995
314.402
990.6
871.703
-350.917
748.619
178.313
275.542
518.647
550.843
589.82
-474.431
208.758
-58.8716
-666.091
590.981
730.171
746.043
328.829
-175.035
223.961
193.798
291.203
77.113
-703.316
158.043
-934.073
401.821
36.3013
665.218
30.0982
-774.704
-20.38
20.6981
-903.001
628.703
-230.683
275.313
-95.7552
-712.036
-173.844
-505.935
-186.467
-965.087
435.193
147.442
625.894
165.365
-106.515
-45.2772
990.33
-882.554
-851.479
281.533
194.56
-554.795
-560.424
260.486
847.025
475.877
-74.2955
-122.876
701.173
905.325
897.822
798.172
534.027
-332.862
73.485
-561.728
-44.8975
899.641
-67.6628
768.636
934.554
-632.469
-83.922
560.448
532.895
809.563
-484.829
523.225
927.01
-336.308
-195.242
121.569
108.896
244.333
-617.945
-44.0782
-279.79
307.76
833.045
-578.617
213.084
730.867
-780.445
-252.888
-601.995
293.04
185.384
353.108
192.681
-882.279
121.744
127.235
-514.748
-962.178
-312.317
-981.853
847.385
202.853
541.372
774.394
866.545
-653.871
-104.037
-24.5586
590.463
278.018
931.363
-689.327
-414.222
764.409
-267.944
798.863
495.276
-48.3887
-454.026
893.281
-755.348
731.358
246.389
437.333
849.079
-631.868
-435.432
-665.669
-594.046
252.25
-647.522
-746.662
-544.896
893.849
-972.267
-678.351
-760.021
-76.3044
297.09
830.441
-798.286
228.453
-858.886
-212.508
-7.13807
-126.83
-413.645
-511.863
824.781
132.329
-618.582
-930.567
-136.313
627.807
506.765
-287.234
995.94
-928.667
47.0968
-598.106
323.583
399.574
-344.768
778.687
293.424
-317.035
-899.664
533.402
606.66
397.426
363.843
808.374
-374.121
504.957
-404.134
618.741
-621.873
182.221
-893.121
-797.092
-685.45
-511.703
-727.659
178.237
-883.895
779.106
891.003
-887.956
850.439
-61.9
-486.062
174.022
-662.326
169.17
-47.2907
631.098
852.135
53.0451
164.5
458.795
-549.529
-471.656
267.17
76.3506
-966.699
863.036
-304.908
-588.572
45.2573
-198.029
-385.663
359.808
290.268
-113.322
-461.955
406.372
-334.216
-570.952
518.417
-483.777
367.148
-967.645
690.246
704.822
201.525
-357.045
335.92
53.6604
696
-499.579
-487.544
-853.529
28.7644
779.625
222.822
62.0655
642.662
917.914
473.494
-312.081
-280.116
-912.169
-952.274
-989.848
-25.4917
-414.229
416.525
640.292
14.8191
-65.0583
-843.484
-618.033
-32.7033
846.762
-913.211
-831.178
-510.283
422.71
222.482
-814.283
923.13
734.938
-667.812
-48.1053
514.564
555.01
-986.04
157.225
472.924
487.454
845.144
-807.192
575.285
892.87
-797.039
-450.207
-521.358
619.486
-809.915
493.461
-445.573
-653.399
875.428
521.724
-806.637
962.217
690.546
-316.921
384.927
-86.9716
-131.204
308.057
-352.034
200.984
-740.048
-837.47
-244.006
-726.088
319.755
-771.082
761.366
164.899
-578.274
336.651
57.7697
-375.313
886.444
536.411
-755.828
-923.47
29.8719
-201.4
-576.869
-94.7003
-679.676
-383.506
-132.483
-989.13
299.573
-747.556
-76.1019
-831.631
560.501
571.865
369.354
820.453
734.395
-874.652
-905.635
54.1499
-645.734
855.732
-780.951
-224.008
192.383
276.819
400.679
78.8268
-186.77
644.852
155.357
843.102
-556.548
578.487
-251.598
-236.225
-805.019
615.919
-225.355
494.554
868.362
698.543
662.924
428.863
270.408
32.2771
249.316
4.80253
157.625
343.682
-941.048
511.891
199.413
-721.998
-712.117
-608.204
554.82
688.562
470.623
-631.949
333.414
-374.021
-788.847
776.866
-795.533
-40.4457
-459.359
-600.552
-424.527
315.286
894.002
-556.165
13.8293
556.925
872.698
-715.763
-410.797
122.015
289.04
746.828
-534.304
347.992
258.719
665.109
625.994
546.602
-943.095
180.814
235.164
527.528
548.865
-431.421
-846.493
760.017
-654.556
-642.027
-280.428
-113.915
-242.579
295.044
-798.629
-348.577
738.88
215.201
-791.652
611.578
499.438
-202.449
-266.407
-211.522
-455.621
199.289
-863.53
803.097
-135.602
762.463
349.699
-78.6967
-56.7224
-415.137
-551.169
-507.858
153.442
-397.662
-747.84
498.886
-39.689
-28.2685
-615.028
717.732
-733.224
-413.657
-630.845
-994.344
801.544
-422.497
617.234
300.981
375.054
-649.174
-910.541
919.433
550.115
-774.071
722.53
-585.487
988.392
72.2291
335.817
-68.3305
657.093
784.648
423.812
-189.465
-613.015
675.972
-690.579
347.296
-352.297
-305.607
65.0283
-85.5207
280.736
434.183
-79.8651
82.2792
-988.314
-462.632
-616.739
386.741
-111.805
-527.28
306.173
-561.69
-301.352
28.7034
-147.177
-312.96
-899.067
-811.36
618.71
758.025
973.287
42.5216
-431.44
-639.727
-281.507
-122.019
707.569
366.197
572.373
-227.403
-719.324
-146.891
-793.22
200.811
935.388
-781.533
738.179
-681.351
605.207
-373.626
-208.632
-88.6192
64.6838
490.017
940.084
917.507
-822.943
-958.983
-893.853
795.766
799.042
-920.566
-161.712
-632.398
-560.293
556.781
245.583
-852.724
-77.0222
-182.044
-80.127
203.654
671.065
126.653
-595.535
606.453
345.12
-857.356
925.102
-49.6723
-230.982
-283.529
861.709
833.702
-793.513
801.793
751.209
-616.456
842.809
857.355
-820.69
641.851
936.789
17.5978
-990.547
-623.504
-425.621
255.036
-476.228
497.357
-927.008
443.645
-298.989
744.057
-429.702
105.475
350.51
915.419
248.119
275.612
-134.254
-982.863
992.083
-272.545
850.839
-801.43
-470.752
602.048
-417.886
-627.943
459.403
-238.576
-986.092
396.193
779.022
-976.639
772.689
-646.599
278.397
-703.539
850.757
351.389
740.105
-448.232
95.4457
-689.596
657.243
-554.044
-774.178
-94.6377
721.568
91.5689
-77.5005
713.652
819.024
-226.661
912.222
-651.729
-624.614
-505.664
-279.671
834.789
255.76
-265.763
230.982
34.7815
-242.402
3.67067
388.182
-964.005
300.131
238.94
387.384
40.2365
790.707
-517.17
350.64
447.951
-71.2142
576.463
-646.687
-349.646
-331.968
275.812
-635.994
-512.945
-950.849
-723.773
-164.673
-575.463
-229.437
555.655
-740.673
-973.677
-710.108
490.309
61.1044
47.4907
-506.021
-550.713
83.486
794.111
688.226
-529.13
-165.653
478.933
-46.3
-815.013
-73.116
882.486
761.45
280.197
-467.16
-570.518
-443.991
-103.154
-83.4629
-394.84
173.073
751.864
29.6976
943.636
307.519
289.024
969.959
597.412
-220.667
31.0637
-355.098
273.313
480.35
728.389
67.4233
168.576
-800.741
901.771
-352.49
152.959
-913.242
574.394
35.4445
848.208
-145.409
568.284
-722.31
410.6
-534.87
194.227
-984.24
638.203
-53.909
45.4578
581.84
-746.39
-665.518
551.799
851.022
113.815
-417.137
-504.075
-612.872
-936.787
-775.687
454.551
231.789
-576.428
356.322
879.299
576.531
443.08
453.692
-388.025
291.288
-691.717
-819.741
568.978
718.883
-354.61
-236.795
734.643
-716.407
709.296
-219.899
865.432
962.907
114.583
417.231
813.929
-771.602
-999.906
-690.147
-384.474
-936.694
-465.834
-929.922
295.095
-42.2618
426.4
174.394
-465.731
-130.52
-371.914
146.244
-839.232
-63.6308
326.503
729.746
-344.748
971.893
-507.049
-610.105
-744.515
-797.753
169.996
-879.082
-834.846
-715.421
538.149
979.083
-487.023
538.243
-711.064
128.503
601.549
-176.898
198.581
-103.355
780.841
-375.019
-928.961
-684.891
494.461
-300.875
461.353
655.229
635.494
-212.144
384.975
-709.254
-240.251
877.927
-319.359
15.2343
-919.826
850.637
136.152
-754.672
-864.784
-325.699
-775.589
-351.807
-787.456
-486.653
776.696
814.093
336.449
-24.7224
-289.263
117.29
600.259
-218.224
432.399
94.7199
480.901
-106.248
-250.051
116.395
681.608
-865.075
407.141
-558.643
-987.149
-912.217
456.591
-906.975
938.42
-407.257
-661.647
-926.365
267.044
-437.236
-278.172
479.588
76.1107
-501.476
293.681
-587.44
473.802
-995.582
529.849
74.0604
-213.805
-37.7517
-831.22
-732.904
856
-81.2705
383.491
537.609
53.654
-209.368
978.966
66.5052
-121.585
435.557
159.531
-183.166
-971.7
497.884
-109.531
295.345
-939.352
612.297
-225.067
136.759
-889.179
-931.386
549.319
584.623
-926.968
79.1679
-341.317
-140.773
-958.584
-172.536
126.322
897.416
746.193
-490.187
435.025
-200.153
300.445
413.991
866.352
-821.141
-150.453
25.8828
-4.30643
-122.152
-476.233
886.163
-826.808
-415.585
498.46
-51.8749
721.174
609.281
16.7388
270.492
193.904
89.7709
-650.34
852.588
948.997
-608.924
-319.949
75.3196
-711.507
-573.756
585.132
723.517
226.092
-114.423
137.508
92.4438
64.4367
987.055
-881.673
-939.87
-135.097
-357.907
946.293
38.0956
226.508
444.753
986.221
-52.3182
54.0346
2.95953
-781.826
-752.061
-907.27
-432.166
-899.473
-958.272
-41.0899
-219.422
117.047
247.403
206.822
-297.82
-29.0799
-567.086
587.757
-891.572
525.358
-347.806
-904.516
643.684
-287.676
-39.6133
-714.222
-341.383
998.482
512.286
-896.63
984.703
-540.032
157.405
-12.3373
-321.858
405.344
80.393
245.976
505.87
122.121
-795.114
-713.552
-760.832
452.288
493.27
-58.6519
-576.791
926.184
-470.895
-468.363
451.542
181.299
-372.88
95.2259
893.623
587.507
381.003
-447.76
585.989
-106.711
-344.39
570.692
353.257
813.015
-441.645
-968.602
218.359
638.748
277.374
-275.771
-239.131
482.26
10.6776
0.0371966
-65.4517
-496.052
941.385
357.757
-569.868
-529.51
889.394
881.674
651.789
-483.486
-23.1001
545.412
-895.979
-642.097
-902.348
690.01
251.193
-246.738
260.702
-395.55
-433.723
819.057
-364.152
784.636
457.805
913.222
-491.135
-781.326
395.482
519.543
218.712
-669.97
-976.509
160.097
687.787
-546.377
630.587
577.181
-664.703
282.376
-906.305
312.197
-172.212
-802.285
670.1
-74.5602
887.725
-78.707
678.701
148.427
525.743
-755.022
-32.5153
-838.409
-970.386
-574.71
-925.187
-461.521
-356.036
470.295
-941.979
862.676
800.325
-918.488
22.7727
488.112
-464.865
-346.64
65.2932
-129.568
935.736
158.988
-817.372
-236.476
356.703
852.729
688.964
244.428
-225.978
367.666
-607.145
-700.236
612.644
360.34
-538.645
642.258
785.63
-463.833
-819.264
-570.405
-993.538
-761.242
-707.729
806.787
-679.731
315.043
294.899
-144.596
968.403
-639.807
725.836
904.139
519.18
908.464
-332.336
-124.117
761.193
-643.372
-879.689
-464.785
724.293
-486.833
-165.021
336.937
873.507
296.333
-20.8053
659.137
832.501
159.931
-911.268
838.963
398.688
-618.997
645.75
718.958
696.046
-59.3504
-425.638
664.45
300.842
-699.802
568.589
-179.977
-791.338
-763.747
695.906
969.855
-407.119
816.217
-494.931
-682.826
-670.616
340.048
654.111
-797.109
-363.618
-366.694
862.028
-531.117
793.237
950.761
-692.154
191.925
-668.236
953.596
-89.1168
-972.19
-105.755
485.245
692.259
-804.913
785.443
260.849
15.11
994.105
497.101
-288.984
963.96
-910.018
-472.767
-530.971
-592.844
-143.383
809.077
-938.733
59.5081
-554.541
-305.427
-78.4635
-85.6588
-512.19
-127.703
222.187
679.735
204.061
175.782
-409.381
231.871
-929.972
-924.136
-75.87
-734.885
861.307
-815.021
280.225
855.412
682.08
991.241
819.371
772.062
-481.526
-711.6
-820.782
375.091
-902.523
-759.515
-565.401
-457.064
-64.9414
356.136
457.277
422.869
-771.567
-320.536
102.604
432.494
855.246
693.223
-335.636
925.274
769.087
588.494
-809.611
630.394
773.473
470.614
485.805
455.553
461.855
305.176
227.614
980.329
593.576
406.832
355.42
691.053
647.318
790.019
-766.011
-417.624
146.155
691.266
-994.755
374.588
-629.27
107.849
-192.919
-774.024
-198.928
471.445
-848.75
-429.841
59.9394
-658.361
-799.447
-166.588
812.253
686.358
-711.035
274.108
-8.46565
516.579
254.437
-414.889
-76.5884
-390.143
-723.836
-429.271
-600.124
-489.847
153.106
546.031
-798.581
158.351
-79.3812
-427.851
-733.8
727.7
-201.875
67.2727
199.145
-50.6257
637.432
-740.915
291.013
837.985
92.4969
103.266
524.343
381.461
-622.626
-484.123
-101.959
631.811
100.988
821.452
-758.332
377.152
-607.818
-358.456
887.305
545.288
-812.425
-911.276
-296.361
108.194
-339.128
-30.1611
-164.106
458.997
-962.888
-964.96
-591.629
674.544
-705.876
699.384
512.528
386.621
-197.35
36.8711
-231.917
180.024
552.748
666.123
-188.165
-346.264
487.575
53.5024
-969.112
879.757
695.047
918.192
425.045
882.622
-993.084
-871.317
-9.18401
-332.211
98.5221
826.71
-873.214
135.634
861.75
-464.843
-189.823
-844.126
-765.459
-677.294
542.495
37.1914
359.577
-689.422
-782.785
-87.675
976.701
29.0497
566.061
464.277
-917.448
596.949
344.034
777.599
515.141
-230.922
660.22
522.057
-102.238
-348.964
-810.154
996.284
-522.253
-683.368
131.917
-660.504
-148.212
942.095
-504.629
86.3297
-735.2
-962.134
-876.479
624.377
-651.556
-659.264
-463.298
-674.855
369.786
-897.237
789.422
452.338
699.712
133.456
229.937
214.853
902.534
-109.843
-263.09
-199.704
541.194
-73.2437
-203.421
-981.06
243.388
928.497
-641.563
-904.824
870.592
-146.193
181.506
-864.608
-108.327
305.027
759.769
240.117
645.764
-703.529
565.262
15.5495
-600.765
354.683
-532.112
-901.054
-511.861
697.824
313.799
-609.327
-412.018
-949.29
190.969
-870.825
-22.5338
987.548
-851.885
-779.146
916.045
-493.448
-683.97
786.636
360.359
497.537
922.028
-747.968
-197.436
681.797
492.149
-551.673
978.269
57.4108
463.877
-622.497
-587.906
931.765
-523.55
-99.7668
629.589
790.249
290.906
-782.43
840.959
-518.125
-653.254
-181.575
-530.578
-505.139
39.2793
-614.533
1.41311
355.31
-827.897
-638.228
-147.154
-905.868
-386.195
655.41
775.929
-894.046
-896.262
754.198
163.364
567.615
-868.299
575.459
499.379
-391.849
-524.308
128.968
-601.6
766.598
346.539
-760.641
-751.527
693.284
57.7842
-282.105
-811.855
-902.937
103.362
189.558
452.373
275.465
551.331
-694.78
369.597
-834.865
960.63
145.526
-728.911
-935.632
-100.276
434.453
631.983
31.425
9.91204
131.362
639.576
485.604
-739.67
-962.024
252.202
606.869
-722.665
500.674
300.153
335.119
-781.431
488.299
432.182
321.931
-322.143
-115.444
-402.603
-770.812
189.775
966.994
-605.677
150.406
112.52
-334.588
214.773
-987.756
-900.134
-153.244
43.6689
109.778
978.118
-316.755
-404.618
-761.552
-278.779
847.583
845.317
-1.44476
348.258
145.47
-666.326
566.827
-366.231
765.857
-111.242
311.626
-349.588
486.155
540.813
840.188
453.149
935.137
-9.4069
-434.331
-399.451
-794.634
-422.087
-299.585
52.1224
621.582
810.193
30.2401
-695.173
-594.425
268.688
26.0473
-746.842
114.005
-975.397
601.416
-740.525
-641.723
168.242
-106.757
-875.867
-942.999
-795.131
-225.455
543.156
745.682
-385.267
-3.6948
680.819
605.326
561.974
-718.632
810.692
-860.112
-18.217
-137.185
761.47
-208.024
893.055
-933.704
197.55
161.743
92.3436
450.708
-724.252
116.946
52.1239
-464.777
475.223
-779.634
428.466
599.356
-722.633
633.335
-626.099
820.523
379.017
-11.3657
-183.172
59.836
-406.04
-621.197
341.204
-595.347
-481.31
-677.013
267.468
-719.84
114.963
160.523
-653.544
-687.487
-677.734
438.8
763.222
-401.986
-444.254
-184.654
133.236
-969.031
35.7119
-438.298
630.325
313.079
-804.963
-995.774
133.602
574.054
-7.13963
950.43
-366.11
586.821
-670.767
975.094
991.473
-152.077
-701.919
258.941
128.083
413.044
-580.536
474.539
725.557
-258.271
-86.6607
488.779
339.743
469.085
-695.875
-527.021
500.054
339.837
34.6812
130.379
-347.084
229.718
134.605
786.518
-196.228
-872.535
736.948
437.662
714.286
-933.819
412.756
705.759
-85.8952
710.838
-35.2994
-957.812
123.882
384.164
516.728
-150.561
-874.106
-569.933
-661.782
465.637
899.152
-357.657
938.616
399.206
982.18
-26.7033
-470.415
-364.905
-796.985
664.19
-578.387
6.78713
791.655
-841.439
-555.551
505.941
-775.258
857.206
211.701
138.847
568.044
-823.599
181.035
-308.075
560.566
-302.237
541.365
686.459
127.83
879.583
152.096
26.9817
-478.074
90.7114
-573.812
-495.895
-935.992
-44.2269
139.201
-732.977
-380.037
560.814
273.81
-588.382
719.375
718.26
917.56
944.117
575.466
129.261
82.9643
143.509
305.662
-736
835.434
-133.772
-38.2377
376.799
-447.313
-910.408
256.382
704.783
116.574
778.308
-204.506
542.762
-717.587
-140.497
-501.465
421.614
126.526
118.498
-17.5725
-599.664
530.116
-298.198
-881.405
447.676
-354.081
694.061
-423.063
728.884
-162.43
882.599
992.883
-326.995
-251.174
-45.3545
-950.196
301.513
44.2373
306.185
6.29619
-839.189
84.4931
801.791
703.573
366.906
-338.707
-797.893
-211.48
787.819
320.605
770.948
-811.845
-149.279
-527.25
-693.25
-701.603
118.669
-999.189
-124.666
-152.447
-161.619
-242.068
-159.564
511.386
506.758
795.082
561.19
-191.728
-160.681
-132.625
814.568
0.130012
951.868
616.358
-296.297
318.774
-722.349
-94.1903
-892.705
-934.53
-773.585
878.242
-746.375
77.1358
-649.008
-439.625
375.533
469.662
-438.814
-749.134
-682.785
399.568
8.7985
157.651
-89.0465
-484.443
-47.2674
-527.857
323.828
792.052
339.518
138.396
-207.818
291.386
-245.246
495.884
-389.84
32.4058
-598.306
-282.545
97.876
-371.891
-404.303
351.501
705.244
-53.3106
911.876
80.7773
-583.649
-526.938
331.644
-266.434
872.63
-659.558
891.216
-216.417
-144.001
-156.051
255.726
-820.173
-363.999
-404.756
318.223
428.182
886.63
-927.022
-75.9332
-503.21
105.384
325.761
214.245
-796.74
953.869
809.942
554.76
659.114
-243.369
466.636
-260.109
172.982
939.698
-928.465
906.548
812.328
-588.023
797.764
-404.089
267.976
-358.287
851.637
447.803
277.714
-553.119
-233.973
-294.103
-666.489
-160.996
629.964
-169.699
944.388
-44.2757
-955.454
-852.352
-90.4063
854.488
702.408
-431.292
-388.881
169.044
308.599
784.101
108.743
380.134
690.649
-78.9292
792.111
488.414
516.982
60.0869
-869.873
368.619
-492.11
407.841
815.5
273.917
-886.262
-850.989
-887.078
743.702
-20.6882
-942.69
-300.574
23.8575
-795.043
609.02
-121.655
907.365
-822.273
489.464
76.4094
486.326
273.566
-814.848
-133.54
-35.7851
106.223
-341.43
-547.372
-376.795
718.657
-417.245
991.824
-773.453
990.597
807.324
500.465
-895.665
956.335
613.386
848.036
-64.3535
670.696
-452.538
959.504
875.653
-843.518
-162.151
783.018
-665.791
-672.686
-140.573
820.535
600.879
44.5793
-313.006
-434.906
-849.198
345.565
17.7225
-225.993
64.2217
600.478
-234.169
290.769
591.075
-426.845
-208.766
695.41
-470.511
-595.38
543.446
465.136
-924.684
-909.092
424.64
950.968
-752.61
-737.511
733.986
-418.401
-410.198
-406.587
-597.866
-809.318
637.993
89.1278
-244.224
788.795
-565.308
773.498
-437.198
498.914
373.976
328.632
-210.317
-34.9491
901.787
580.917
-339.54
-568.724
985.537
-796.094
896.412
-939.148
-705.186
321.051
-988.179
-457.796
583.54
745.807
123.803
-826.657
-660.78
525.937
-635.976
977.213
-384.936
119.8
766.008
49.7568
-106.702
-671.19
-451.329
-732.726
657.442
338.354
232.325
559.229
-80.7291
892.786
990.505
-95.1923
-903.308
886.917
-34.34
-608.494
207.969
-22.5193
-66.2892
-208.491
-276.713
-942.486
-35.1483
62.5077
583.451
328.876
39.7207
-801.485
-551.324
-194.272
248.272
341.975
134.538
796.943
609.249
-208.02
135.297
-158.426
-648.791
-945.432
-265.64
-658.286
-40.6248
-168.948
-771.369
925.035
222.559
436.6
-97.4841
-843.731
-771.891
625.803
-786.217
192.961
-311.689
797.234
-478.163
728.032
995.749
-29.4869
-466.24
244.021
-687.512
668.298
40.9637
921.737
-539.722
-823.74
-236.689
-188.512
-769.172
497.672
153.202
190.203
-671.276
381.834
115.238
551.282
-181.566
-982.246
707.552
46.5426
643.557
921.335
-760.497
-668.131
718.57
-238.66
-940.1
714.319
731.853
-406.339
-41.6603
-955.659
-738.041
999.303
966.078
-277.763
-824.436
-270.611
533.725
-593.608
-772.939
-313.073
596.595
-444.215
-931.239
-288.167
-892.933
-112.806
-270.413
814.619
933.737
-626.856
735.955
-826.76
-294.987
454.524
-65.42
-235.087
168.843
-333.567
358.574
-872.818
-289.226
620.533
-873.514
-323.148
-657.23
-697.95
406.241
876.495
-291.559
633.302
-436.578
-694.964
-810.913
-367.817
16.8684
-703.846
519.377
746.455
-889.227
453.114
-880.4
846.728
626.354
-175.387
301.252
-439.066
589.526
-529.905
227.367
-51.9005
-402.723
938.141
-431.368
-276.237
-385.007
-88.598
25.8124
-978.766
-212.103
734.253
654.536
351.319
-960.711
843.623
983.501
56.1574
-860.223
502.878
-197.387
-749.45
-44.0082
-77.7877
-902.722
-417.655
746.825
398.53
143.279
336.351
868.624
-629.354
-715.55
-534.099
-691.213
-146.918
189.664
-76.2202
764.484
-784.523
-54.986
-447.619
949.73
-400.45
903.7
989.019
-556.826
887.201
45.1766
-417.049
390.079
847.789
-166.499
-653.929
-229.998
-69.2213
-71.5836
-483.174
-670.692
-928.305
853.177
-802.067
-557.659
-862.373
-336.166
-248.872
-9.29083
853.498
674.908
-244.807
-931.025
-380.078
307.574
-981.295
219.472
211.274
-992.276
662.646
98.4751
52.9006
-754.404
-511.446
-99.3102
79.0972
-165.374
670.691
-990.124
763.042
-812.482
-660.816
834.737
-959.305
-462.883
-722.921
-821.678
200.951
28.2066
169.031
54.449
-296.886
924.224
123.424
323.036
231.799
142.129
-457.492
-556.927
149.852
-794.846
541.548
-797.247
-549.249
-969.898
103.443
529.848
-135.272
-225.866
539.724
-372.23
-38.3479
878.908
-537.493
2.34701
-583.975
-260.415
180.669
616.976
767.792
-650.3
-328.575
-529.094
-726.076
794.848
793.943
505.723
-63.0232
-663.549
948.795
-913.171
-458.395
490.343
-710.418
-7.64435
520.445
393.025
-477.797
-614.827
-832.841
-938.073
12.9422
128.812
940.835
475.449
-868.841
-643.141
-784.966
311.827
973.835
982.826
661.528
-354.74
-546.267
935.452
-559.892
-752.325
441.175
377.085
-415.874
389.97
463.914
125.731
-119.687
753.496
-881.913
-599.242
146.521
-359.71
-214.069
313.681
-297.783
798.873
-557.508
-356.948
274.322
-426.349
-0.0885804
489.357
885.478
-26.2535
472.183
547.006
619.006
925.916
482.458
-940.886
-826.409
-76.3676
436.199
-242.283
-686.397
-99.8873
883.448
193.916
-346.391
-998.465
594.674
800.13
-358.174
-619.395
113.811
344.043
-820.522
556.303
987.095
453.801
-870.046
-12.9938
-56.8428
-984.568
960.753
-584.66
562.438
579.759
-658.744
44.8956
638.873
-485.153
968.528
75.0718
272.564
-717.869
975.184
156.012
476.047
-371.207
157.548
70.7208
-571.077
799.374
451.326
542.734
143.416
630.804
99.0372
130.511
84.605
228.991
-882.483
-972.238
244.423
-921.73
-556.898
-193.139
658.029
-215.642
851.757
296.902
299.205
820.285
-628.026
-428.231
-897.585
-652.842
727.782
578.462
-24.0485
-114.67
-350.817
404.875
-315.297
-899.491
-52.3909
828.12
731.313
-953.354
-41.3691
-184.082
275.637
76.1482
-156.32
-479.94
154.418
286.783
326.922
-187.553
-928.859
178.678
-890.651
370.347
-1.03711
-518.677
942.116
101.378
-171.519
669.898
-320.16
804.433
-444.773
329.023
209.308
239.931
429.532
-843.083
68.0504
160.845
-796.437
-973.319
976.763
479.201
102.829
-179.556
999.261
-742.752
-892.773
326.183
69.6951
-821.632
-495.139
179.044
548.714
503.824
660.368
490.83
-394.798
-511.151
160.728
285.042
-706.718
715.955
-385.935
502.59
-44.1139
-956.403
659.507
-976.064
204.442
863.07
-949.382
181.205
342.271
153.447
-998.352
341.532
410.695
-891.125
-332.286
-519.61
-712.757
172.575
659.434
835.957
-323.601
319.802
326.787
281.6
808.651
-512.485
-433.358
-898.067
-796.529
180.707
604.524
159.357
224.304
264.031
183.293
-571.254
127.101
233.911
609.95
-530.628
-612.642
611.599
810.904
798.053
720.474
-521.382
-721.557
-992.283
651.193
937.877
843.674
-672.408
257.679
170.461
609.192
66.3305
657.976
-824.166
168.264
861.447
356.542
-227.212
20.8035
-419.154
-963.182
-795.903
9.59174
163.919
438.007
-380.458
633.291
825.365
-768.859
444.195
623.418
951.615
922.812
901.86
959.332
574.005
839.737
803.005
901.597
97.4165
-26.5339
510.789
-836.253
-368.558
686.623
332.011
-507.111
43.1653
-895.202
513.693
624.011
-858.383
717.789
-366.397
305.536
155.797
253.145
-61.1731
-18.8383
484.286
-616.979
-395.421
435.901
-694.166
-493.56
395.233
879.839
-653.823
198.238
781.436
443.594
-828.296
292.225
607.341
-196.853
-21.1515
-60.6485
296.036
-977.986
44.15
-190.272
646.025
185.767
-472.482
-720.372
-508.697
683.314
532.773
430.129
-335.524
17.0599
813.151
269.056
-547.039
-881.015
775.495
848.194
998.824
-878.328
46.4323
780.26
565.266
218.137
72.4853
172.607
-978.717
-948.666
-888.042
317.319
-926.652
156.108
-872.953
719.373
-658.125
-345.435
999.001
-166.823
-662.121
531.774
-736.693
2.35537
-451.166
-923.543
-728.589
1.79551
-804.558
-953.094
-150.01
-805.734
-831.421
896.422
974.526
733.845
114.559
47.0117
-93.5486
135.842
98.3455
18.4095
-546.839
171.693
-825.482
-419.792
-108.934
-483.608
234.773
-109.934
349.57
572.652
-578.159
612.876
-424.992
-29.3251
689.334
-153.581
972.47
884.776
-106.675
-177.54
-920.958
61.9036
-281.118
-946.432
-204.252
833.441
100.58
702.2
-30.7173
-801.074
-279.391
422.443
370.619
-104.873
-997.349
-738.316
411.519
237.424
151.751
-238.911
-189.923
573.591
-626.035
385.085
-455.734
-936.701
-768.497
-483.263
948.075
124.828
339.197
-972.883
-813.268
-941.921
-919.315
-17.5198
891.52
181.266
-315.32
-139.197
380.191
405.289
-716.754
-249.19
-699.584
-714.102
12.4942
711.936
523.322
-835.755
-526.975
-666.601
737.836
-153.01
718.483
-717.898
-89.711
949.987
-201.161
-141.636
74.8146
-861.964
-114.519
261.546
-803.885
-33.8339
-755.974
-912.365
-852.568
-71.2935
-51.5626
527.623
-666.004
231.683
-721.567
-365.588
517.581
290.927
-653.652
40.903
455.172
-180.627
374.302
193.008
666.363
92.7851
475.111
-423.348
42.7716
-726.05
435.016
-882.414
-588.014
-679.503
379.133
-391.9
286.663
623.159
-304.265
434.095
-448.135
644.173
-38.2823
-114.139
-124.144
240.151
520.274
-606.563
-468.922
866.622
434.34
986.25
-314.005
-191.358
179.258
-647.641
901.427
-345.632
-70.9891
-55.8013
-71.6818
-635.973
61.7849
340.304
-315.476
-559.083
948.404
971.187
-935.924
-355.861
405.282
-384.058
-711.688
-633.001
501.803
164.168
607.15
22.077
557.606
-861.772
-111.301
-8.05423
-875.523
574.695
800.588
303.735
927.053
702.015
958.104
-143.936
-353.787
-113.578
220.091
707.998
-773.275
904.615
-851.084
-824.87
875.802
-787.008
-180.731
281.083
-171.066
107.581
648.083
-669.263
-728.25
255.233
352.814
829.355
393.46
-758.487
-178.699
517.937
816.208
-378.111
-178.328
743.261
-676.096
-220.224
-400.675
-29.883
666.198
819.416
-321.885
892.923
724.031
-172.969
-931.947
599.833
40.0231
-112.678
-119.083
868.957
994.903
-471.001
-800.306
-733.347
784.232
552.508
-903.992
177.692
794.021
-82.6908
-304.371
610.229
539.198
517.302
353.49
863.102
-702.923
952.815
-166.781
963.275
772.232
511.334
856.198
496.263
-661.635
924.25
96.0962
378.388
-188.428
977.013
247.345
-193.525
-493.988
447.039
73.1277
-709.756
-0.453239
169.136
467.936
-206.432
-913.555
-836.435
-596.203
625.643
680.867
757.287
488.745
977.944
710.102
-678.037
941.219
482.334
833.297
797.417
-21.403
-828.338
721.668
-925.307
550.05
-466.76
-948.294
-202.605
339.715
-442.282
-755.566
-587.158
-152.037
243.981
581.978
-684.101
-962.451
668.423
-520.536
-558.654
294.066
-839.669
-801.367
-217.189
-861.724
908.735
104.774
-920.505
391.069
-61.9292
876.912
-630.334
109.733
598.58
-555.641
-340.217
-868.18
-503.934
457.178
471.534
53.784
701.612
884.377
901.747
-54.4072
466.355
-782.355
-16.8586
134.778
-302.89
424.487
-571.156
-142.559
623.12
211.655
-4.28361
531.855
-683.572
75.2114
-77.0754
254.499
-47.8764
292.591
-635.768
-449.296
736.95
24.0151
-317.477
-766.984
-518.807
-845.942
286.8
-817.195
-961.565
188.547
128.398
504.79
406.192
-888.46
-360.432
-896.698
536.027
68.412
-39.2576
159.147
-719.933
956.459
-308.998
-403.505
31.6702
613.926
850.994
983.794
-93.4827
-784.774
-465.503
-356.532
239.241
217.021
-123.516
720.435
371.078
-836.717
903.24
409.513
351.83
31.6382
-85.6972
-241.978
143.178
553.871
-138.676
-320.796
-377.717
822.066
838.351
-97.6505
778.525
-470.647
498.845
-189.805
-856.721
349.839
-206.011
49.7966
565.065
328.486
693.264
-195.693
-454.493
-430.252
-475.259
916.586
-266.969
-572.018
326.099
-915.139
459.62
-759.598
-157.117
-397.203
794.272
704.207
282.002
-583.445
526.273
120.353
318.905
304.798
649.706
-182.251
-885.006
792.985
-832.412
-91.0174
-157.218
732.653
-762.531
-463.954
-463.04
-217.024
105.794
61.7015
-300.438
838.825
489.683
-974.339
923.686
-50.6973
-733.937
-233.43
552.1
-939.665
-529.223
-165.898
-523.11
997.05
954.455
795.794
301.849
604.161
-386.456
416.842
397.146
-218.868
-674.175
-760.072
-486.215
-436.706
-224.026
50.745
346.27
881.767
-887.554
-954.168
720.592
602.129
-928.507
644.279
-448.568
-662.445
-589.151
-896.468
-602.11
-118.374
-62.3657
-125.22
-121.324
-107.911
-329.425
-819.476
-503.75
284.118
597.367
893.396
-934.75
923.191
-866.677
-420.965
-513.515
-90.7029
629.78
832.755
-208.935
742.227
878.587
-488.343
344.356
950.08
-844.064
895.788
-712.365
-433.216
999.32
-314.474
448.41
-63.0453
560.306
-672.914
829.044
-769.119
-492.39
-674.706
514.999
-895.023
-781.311
580.249
-971.832
-647.987
-840.716
-485.347
261.31
789.064
-652.592
-947.626
531.291
-774.005
-435.969
-124.353
-823.925
-280.033
-228.565
-536.289
286.752
-229.245
149.236
-264.838
707.71
-290.458
62.2475
536.754
-59.577
569.858
862.047
-544.578
674.835
-919.263
-964.329
703.003
-567.251
-805.045
-782.344
694.059
984.019
-434.935
746.434
515.31
-208.94
-689.535
-609.044
-32.8646
30.4325
162.391
430.846
-682.816
933.146
-419.917
52.3459
640.856
289.625
-885.407
177.61
-769.952
684.451
39.6568
-314.53
359.286
120.393
-278.859
62.289
553.143
-83.9042
279.945
247.202
-99.8851
845.01
-6.36401
-584.575
-363.93
304.101
-193.619
603.205
-665.466
968.772
34.0514
-348.282
901.918
614.134
704.064
542.774
-96.2413
818.657
-279.616
133.807
503.108
760.041
819.276
-137.606
-119.566
-459.583
924.683
-566.423
456.513
204.629
680.779
-643.372
49.6384
-325.585
-227.948
685.708
978.517
578.434
288.914
-686.95
547.206
-677.035
-35.2318
449.124
937.099
-331.168
-8.10142
-159.142
-512.511
712.283
974.664
990.597
472.323
793.94
-147.008
-647.242
-665.643
-222.325
-213.665
790.87
982.304
-532.886
-852.502
31.942
141.53
-80.4496
-282.35
120.047
-502.016
-993.436
433.097
-954.81
-670.471
-602.135
494.314
-733.372
66.6969
-513.788
107.485
554.186
-801.505
82.1492
544.783
670.818
-123.91
-602.225
-976.424
210.447
175.45
-190.089
1.31722
157.754
277.026
148.815
-810.304
-581.444
-931.634
-92.654
538.602
-433.65
-86.0901
-28.3009
-388.461
243.439
369.564
-894.147
510.066
-563.739
-407.935
-382.448
990.447
-209.44
699.701
535.23
-538.621
-424.21
933.005
-515.045
786.237
108.455
294.866
-212.445
-733.791
-428.108
936.37
-544.096
-9.55236
-995.265
363.25
-470.95
-428.915
-722.84
500.749
182.624
520.599
-129.687
288.477
30.6655
306.574
880.543
648.217
297.021
-328.897
347.918
-167.749
132.482
923.708
-234.744
617.437
709.946
873.712
-87.6971
-502.5
-860.08
484.195
-566.13
-404.175
-525.357
-561.394
959.075
3.69243
9.69064
-763.765
-495.559
-807.685
756.834
374.755
480.792
-212.5
-318.671
361.335
-564.283
978.35
-967.562
783.635
-189.399
164.92
707.343
575.857
-217.644
417.289
449.569
694.659
914.789
589.489
178.854
-651.341
-814.686
653.497
-212.735
-855.611
-342.811
796.955
-619.376
161.63
989.27
-862.542
-463.615
470.062
-75.0426
217.714
-168.603
360.674
196.063
-136.165
144.309
-993.336
-971.245
-148.349
582.522
-188.889
-731.06
32.091
-494.23
-816.271
-378.42
684.624
-467.612
-193.106
338.121
319.653
-48.7171
995.31
116.608
331.907
156.94
105.878
469.364
693.325
-424.06
-605.678
-88.9612
407.338
754.996
-892.898
-728.827
-100.696
-886.233
-700.073
750.956
696.289
111.038
-980.104
-271.62
616.808
-796.375
349.96
301.432
-263.987
-843.146
-360.448
-944.335
108.137
-365.138
172.273
-559.957
791.802
-721.849
909.408
485.127
-145.909
-696.27
-603.834
-738.571
-941.274
-496.732
-467.398
-41.9701
-382.965
-167.471
-291.014
-686.676
943.567
-271.118
41.7031
560.375
-67.4934
-608.337
-138.194
668.52
-451.483
501.359
724.185
656.654
-863.779
-103.542
-903.303
928.023
174.609
-993.895
413.151
-971.299
-690.165
809.317
-709.87
-631.44
-687.415
-177.268
326.59
-70.38
655.26
-964.424
242.944
598.827
-235.542
-715.353
159.202
696.964
-323.69
-978.992
365.484
224.826
522.367
89.6689
-118.52
658.588
986.127
-21.8225
586.611
160.737
-15.7173
-0.238771
189.437
294.118
-190.922
479.567
662.678
121.663
-697.701
-10.7317
-948.717
957.559
24.8443
294.227
556.386
789.302
578.873
-284.412
486.267
-744.817
-263.404
-148.25
480.009
-741.038
941.419
-638.511
917.55
927.547
339.667
504.161
88.283
-676.05
-496.078
-722.28
618.067
313
757.288
280.745
-565.337
-940.413
-729.987
-514.054
-982.854
294.858
780.172
573.532
84.1598
359.045
-710.88
-429.574
614.228
25.7161
422.177
94.2373
284.679
363.596
455.727
202.229
291.143
-204.606
-293.611
-620.574
119.343
210.311
-342.854
-262.59
-476.689
-585.566
-981.845
-42.0261
-525.979
-711.832
443.92
-508.833
583.026
224.092
-935.301
-332.814
-416.863
-646.18
237.612
-802.635
379.536
-340.211
291.603
-335.786
-976.615
-252.671
866.443
314.528
542.723
-427.168
693.954
-337.934
783.143
-648.9
399.476
-693.546
-234.466
417.631
264.428
239.555
705.8
-291.652
730.722
288.826
932.44
795.421
956.012
-484.423
-850.759
193.624
-287.057
528.776
853.413
-995.455
-807.009
876.798
-248.125
-940.567
191.326
-705.402
-367.734
-114.72
-43.3363
-584.591
236.38
-643.86
-278.137
-998.087
773.771
986.292
241.468
479.571
-305.36
-27.8104
-231.603
-372.921
-232.389
-275.591
142.657
-83.1489
918.033
855.599
-554.373
771.446
860.145
-361.382
648.245
-387.981
-301.948
-160.429
-93.383
330.317
724.851
863.281
745.726
-38.7697
-780.579
-532.411
-36.8563
993.192
-546.119
-795.388
472.763
148.521
176.801
-758.84
775.6
944.412
-34.4303
-81.7431
-138.737
-116.397
-226.144
306.891
-344.95
-365.999
945.509
-696.706
246.02
-356.44
142.865
-847.363
973.877
-132.284
-984.082
719.603
828.946
-764.661
-812.807
-207.91
-771.47
-358.926
-3.29814
701.294
789.595
-826.497
942.454
565.195
-882.085
-91.9762
-516.548
-20.8215
791.627
257.308
-713.931
-553.324
891.309
-768.423
-250.029
137.329
-124.862
892.836
289.966
-150.985
-239.448
305.884
-431.382
-410.502
541.223
-244.189
381.588
769.753
396.885
-621.71
471.047
186.479
-448.206
413.501
-248.326
-330.291
-678.475
235.126
648.887
-886.848
-507.566
934.956
-440.172
-616.257
-833.466
309.799
521.072
41.6713
202.635
-188.962
890.686
963.187
-883.078
-540.696
-447.315
658.145
215.115
934.273
427.898
-388.001
-687.436
-101.055
798.478
-135.643
-687.554
-449.847
534.066
-366.03
785.278
182.953
-252.878
-722.288
117.91
306.95
-338.545
284.443
-383.251
-817.473
-673.885
819.384
-6.43522
-783.199
782.571
110.487
-323.895
-664.744
-231.368
891.219
-730.471
-803.47
-496.782
-417.907
95.4747
-698.303
446.45
407.92
-148.151
-19.4843
-958.109
-362.872
-836.531
-210.987
-85.1599
281.379
-904.037
576.295
-434.178
-287.288
758.822
-108.063
-467.904
-247.613
108.737
-685.334
862.874
784.842
-350.078
-368.494
676.061
-80.5489
-171.965
-820.721
501.544
923.51
-519.024
-52.0065
331.43
332.825
928.509
373.321
969.953
-908.022
-837.666
-115.207
373.357
-741.703
-538.912
939.179
-28.9905
-780.09
-168.884
503.105
-27.7033
939.853
817.772
-164.83
724.695
-532.306
466.676
400.755
387.145
-705.289
580.034
-111.311
-781.779
-938.99
836.682
549.652
393.835
765.191
-77.0271
363.788
857.17
85.3071
-751.42
230.527
343.604
-290.332
169.706
-685.386
-70.4218
-999.179
817.719
901.875
940.674
635.491
-262.955
665.369
-896.815
-796.279
66.124
490.33
-501.568
-353.842
-620.982
-283.346
-292.831
-784.299
-733.695
-898.996
980.892
189.278
464.791
838.062
-725.415
713.372
68.5886
618.189
-576.96
-761.706
932.803
352.618
-760.885
750.523
254.493
-820.21
386.014
991.539
845.158
489.198
-804.74
-88.7179
-20.472
-306.308
557.441
358.546
410.345
-735.391
574.247
676.651
-634.387
555.139
-134.072
830.405
393.201
140.514
543.776
-538.21
-241.297
966.817
-299.916
-308.494
319.435
-60.8006
-557.971
-426.072
118.989
828.043
-434.533
-35.853
317.241
-239.273
875.429
-703.231
454.418
432.87
655.315
-135.236
697.479
229.562
-458.586
-936.908
-215.299
407.343
893.496
-822.098
-452.144
437.273
-360.308
306.559
404.09
339.776
998.066
-276.475
-721.025
-559.905
297.453
397.964
-731.863
862.92
-637.889
585.378
-376.354
-762.46
882.147
-921.935
670.41
537.462
-57.1712
367.889
-232.975
484.243
430.981
551.726
-108.414
324.477
729.628
439.443
-238.25
-630.68
-253.998
-834.16
709.096
-255.932
-110.636
988.071
184.163
-813.183
386.035
452.3
-950.263
748.146
37.6784
-326.616
985.686
-80.1745
-248.551
656.096
-542.712
694.277
23.9846
224.312
178.521
-545.035
-223.962
-929.893
779.442
-494.334
509.549
-458.807
-125.014
-744.448
-292.968
-415.918
-0.38047
596.397
-427.847
-816.218
783.214
958.188
636.082
832.951
706.334
-326.239
-493.665
692.02
593.586
257.783
348.116
-949.126
-47.9393
-627.899
275.187
-869.419
-172.934
-948.775
-799.312
-393.492
-443.109
710.238
147.701
431.878
965.789
854.733
-984.04
-34.5913
451.13
-411.887
149.191
234.344
-453.699
-214.727
67.295
-747.364
459.034
573.63
944.656
52.6205
-168.587
292.772
103.495
783.474
664.873
-621.319
914.055
-508.061
-570.094
-885.257
98.447
-13.2022
824.981
-753.852
-581.324
790.77
-899.119
-565.364
-243.821
552.011
22.7494
905.37
-213.645
569.051
-309.357
853.65
821.687
-850.322
427.28
766.342
202.298
-741.307
59.1142
-694.207
-957.833
-276.013
-315.526
956.222
215.925
114.38
-929.034
-685.628
-898.822
895.946
-439.48
-480.146
686.717
-338.598
-45.5099
-557.105
-786.587
977.239
-651.735
-0.231921
546.29
38.9086
-146.582
367.977
188.586
-719.302
134.319
-609.116
-460.609
-806.567
-303.323
-418.442
-82.5798
381.151
-462.22
-866.654
-504.469
-391.254
-552.282
-403.29
-495.308
8.23833
116.564
-808.591
669.64
-928.946
-365.696
883.053
-951.707
-17.4303
-117.179
594.584
-978.522
736.239
-37.4395
210.064
-983.063
-903.12
600.949
-443.671
-709.687
-702.374
137.887
207.733
678.776
675.667
341.079
-825.692
-715.587
788.797
-228.983
-210.895
-202.965
887.581
-19.486
-533.325
958.634
614.818
-650.272
-993.072
-402.612
232.55
601.511
-381.134
-31.2111
-435.928
828.931
-14.2737
-339.049
429.88
542.055
-48.7353
727.505
-320.059
-841.002
406.282
-644.392
500.077
580.589
-359.979
288.874
-648.393
429.126
-914.091
-760.813
-590.36
-447.415
-802.178
-975.541
-97.6866
-795.25
-378.153
-865.137
806.261
240.713
103.652
-629.668
69.6442
-910.622
31.2838
-500.476
631.433
982.548
-772.971
-688.626
-858.453
633.31
-333.017
641.624
213.9
307.004
-69.502
565.506
-263.87
16.4075
804.694
145.771
568.992
-997.484
170.229
-528.694
-792.735
792.076
-393.831
-986.474
32.7893
709.821
-616.142
-897.566
799.199
415.142
-398.043
430.632
397.691
-171.014
742.006
539.237
-537.703
-591.011
180.861
676.196
715.993
-888.641
241.703
-547.877
127.767
46.3963
597.894
-303.241
48.9119
-231.877
168.065
256.177
-439.801
774.233
269.703
592.988
484.054
653.561
695.422
283.253
68.7034
-702.621
-286.115
-533.606
126.366
-544.109
-994.369
588.662
-135.12
186.492
264.858
-419.127
297.851
-493.439
32.9962
-574.382
552.957
-369.11
122.377
-398.131
399.013
-709.558
858.046
959.212
-935.325
127.749
552.201
548.729
-218.689
247.623
-168.018
850.014
545.002
545.867
-683.592
-328.633
-998.242
-677.961
-739.97
-133.362
508.531
524.888
447.511
-193.618
-968.551
-519.493
232
584.406
111.397
-645.623
-813.725
-489.59
-355.182
-955.678
-530.378
-290.507
172.071
-978.177
-741.777
953.381
269.445
90.2046
803.395
-185.553
-363.929
-880.197
485.815
-362.171
-558.158
745.845
504.467
950.373
270.733
-48.0225
-243.244
302.182
432.484
988.756
-113.412
-456.119
-656.867
72.8633
54.2915
-12.049
117.185
523.914
697.444
-710.744
545.737
955.667
-757.363
-184.818
45.8717
-953.967
629.629
681.943
-834.164
115.444
-680.228
-392.322
-138.711
824.239
-441.949
-867.979
-223.784
314.807
434.203
-791.299
303.562
-679.209
-247.418
646.695
393.654
806.874
-365.354
-489.161
330.787
-667.909
-199.905
-123.476
-712.242
42.7327
691.706
333.629
88.7655
321.336
15.5724
254.602
-563.22
335.345
862.28
298.069
159.584
-579.669
430.09
935.8
735.138
-135.707
-855.499
38.7004
185.084
-102.917
-314.605
-421.262
-296.043
320.041
89.5774
-965.256
652.132
889.673
-88.7316
939.89
-67.5948
-397.025
273.519
-978.829
924.31
-710.909
275.772
-638.91
624.436
138.052
659.159
-215.98
558.383
89.2487
-280.181
293.521
953.542
-135.68
-667.779
138.626
761.403
17.6166
717.364
-534.64
-662.342
-193.059
-499.895
989.79
-303.386
411.373
929.68
629.019
-985.652
203.199
650.19
938.658
492.29
-74.0376
-700.252
116.726
-935.986
958.906
900.746
622.397
48.1549
-379.435
-84.0818
1.69673
484.886
248.139
-859.677
246.289
-734.244
857.687
711.649
-396.586
-335.372
-788.246
-406.796
361.242
623.127
-477.116
-9.73841
637.475
726.083
-359.548
576.133
218.373
566.414
875.88
-664.9
630.428
834.786
-764.155
252.826
-117.059
-143.589
-831.256
884.638
-658.704
416.883
-975.04
587.585
682.639
882.647
299.235
-713.947
-452.725
510.989
-120.742
908.518
134.116
402.142
-101.221
-228.409
128.225
539.231
-652.277
-653.402
105.645
-776.397
-318.302
-263.927
-941.611
-82.4567
988.899
-58.6696
773.954
-842.357
-174.032
-884.75
574.526
-149.071
702.836
257.165
-266.424
2.07017
543.219
280.851
-486.941
-577.524
189.369
647.174
824.618
-911.852
-581.235
-47.1569
627.379
-233.512
299.441
-266.976
-9.90883
981.139
469.097
48.4805
-101.318
457.996
989.811
-327.364
615.639
-184.221
-212.113
190.165
666.708
-509.278
-552.67
-599.717
492.793
990.549
681.135
-994.149
-586.974
-129.497
653.026
-762.356
-41.3483
-928.209
190.487
-413.969
-161.721
-510.072
319.055
828.37
-528.933
-211.848
-123.15
369.75
-753.852
-133.339
-957.614
861.787
682.44
-169.727
51.9526
349.148
320.996
499.283
749.431
-186.212
489.832
430.566
-180.361
902.858
-698.931
-527.335
-859.498
259.721
-455.544
330.989
845.752
382.735
820.917
164.807
211.105
-708.016
952.959
-912.045
661.734
-800.893
-45.3834
704.12
-939.105
-362.943
-465.606
112.847
986.205
855.389
-387.869
735.636
-330.823
-898.037
166.202
488.817
-995.179
467.272
961.482
-854.677
-273.007
-494.062
476.311
-427.255
888.673
297.228
737.552
99.7777
589.213
690.511
187.733
250.947
889.618
-857.65
-44.9327
950.513
-220.593
489.461
63.3603
-234.388
344.85
675.491
-498.752
-985.973
777.454
667.45
502.844
782.274
134.722
464.326
927.597
861.715
970.264
403.908
-565.54
858.937
-298.863
-827.988
-41.285
-709.651
862.522
-853.552
541.296
752.14
-711.202
-503.637
702.653
68.2043
985.824
-233.986
833.816
330.674
-558.496
-664.936
344.702
-781.042
-997.486
-152.454
-998.767
137.237
-688.128
928.83
-1.04807
-717.864
332.738
433.412
-858.926
-966.126
605.424
99.7887
-675.776
467.946
246.237
865.52
220.087
535.034
-638.117
-77.2603
-396.761
-652.293
688.753
-562.945
678.381
-869.742
-227.881
23.0829
-650.784
-225.367
870.629
-649.552
911.87
-817.499
-720.722
-89.1782
-535.363
612.016
-655.766
-394.289
645.89
949.658
705.499
970.114
417.604
-48.264
835.634
-362.31
-513.23
-802.483
560.43
90.0091
-454.776
249.183
527.064
-776.395
379.441
-700.817
246.688
728.657
73.8157
117.317
-920.895
-14.3145
299.817
-641.617
896.507
764.454
970.399
-759.259
-629.835
616.29
-809.601
-924.336
586.404
608.002
27.4001
422.037
-754.307
514.171
619.554
806.123
-395.82
-835.222
55.306
-868.756
-611.617
-565.253
-569.574
635.071
-836.597
504.242
-247.613
-757.491
-510.073
-947.795
-399.108
-613.565
816.659
-428.709
-372.824
-813.176
-812.42
-182.426
-737.512
773.984
-574.423
289.888
196.021
-328.73
-195.941
-184.424
-522.608
408.238
-19.6466
532.698
539.482
368.736
967.445
969.908
3.8073
-869.151
474.15
756.195
-626.643
964.077
808.399
-25.7511
-649.488
625.058
545.54
-22.3128
811.882
733.12
795.262
-925.63
507.104
-779.161
364.258
-296.875
-107.892
-831.683
518.701
369.501
576.555
-500.946
-97.8009
116.037
867.791
-130.356
85.9446
-128.402
0.493063
-439.906
-372.207
373.85
-475.829
-563.808
-651.901
-125.317
-938.749
893.639
852.37
873.133
626.759
647.632
947.503
133.863
868.47
311.761
836.989
-239.422
480.078
355.69
-869.921
56.6326
854.744
32.278
-827.331
722.535
901.922
258.614
-405.867
-97.5846
818.708
221.926
-723.734
-657.121
658.118
-375.635
217.562
719.369
-481.996
69.9319
592.502
-855.237
-282.437
540.005
278.626
-413.967
-148.234
115.615
346.612
-668.156
-528.696
476.691
388.476
-673.952
-491.031
561.146
-951.417
-589.109
-180.24
-357.284
313.306
-361.532
864.642
589.572
-18.653
522.761
-786.063
-801.091
242.13
-268.059
268.841
-165.368
-123.296
986.404
-625.363
-844.67
-427.562
226.403
270.945
919.049
558.247
742.249
395.74
-53.2764
-931.702
904.709
-492.131
-883.119
-684.4
327.629
-240.403
628.906
966.097
-375.76
218.478
-52.5563
-853
432.415
146.353
389.131
-835.644
-584.807
-776.237
41.0604
-598.402
-401.6
196.391
-25.9648
824.803
-532.664
-106.915
383.05
-790.415
-711.175
-670.226
-722.117
-806.466
-162.357
-605.237
-490.867
-834.728
154.361
-861.961
-868.631
778.6
356.518
78.8128
925.601
-211.067
-774.835
314.731
-46.711
-359.641
538.494
994.349
41.9562
-863.106
190.74
-984.009
961.697
658.076
-90.924
344.748
867.661
197.901
674.522
-854.457
391.434
-487.835
-459.693
900.568
-322.562
694.667
-961.393
-191.193
473.268
395.124
887.62
398.868
-815.943
-887.215
-286.4
137.346
-246.856
-747.906
131.696
795.1
-611.013
-677.564
811.091
-649.315
980.512
-279.833
695.432
848.172
918.068
369.954
993.716
309.502
882.119
-465.978
210.07
-440.443
-771.311
248.677
368.363
701.957
-356.199
255.983
100.825
-172.142
368.768
814.425
965.205
-878.088
-933.482
96.9004
917.012
-544.494
419.336
728.103
-193.81
399.848
-551.73
-498.377
248.02
-633.662
871.576
241.736
675.84
753.695
775.758
-114.09
-686.748
-995.553
-865.413
681.615
706.404
-221.612
-62.4015
-192.771
606.247
-693.634
-378.346
571.451
-571.722
-311.828
-331.648
-654.71
143.678
-912.312
-926.608
949.868
487.536
-478.338
-548.509
-264.444
-111.999
-676.933
977.292
-436.159
-923.237
753.049
449.751
-609.985
757.497
584.338
-928.37
463.901
-637.274
9.22878
-728.87
968.973
315.595
-107.216
540.424
743.873
580.956
-791.225
-910.837
-275.366
-703.537
-837.445
-325.497
783.999
-315.782
125.994
-480.445
572.218
449.061
-503.154
-863.941
525.824
-750.104
585.81
915.839
-992.607
170.148
987.469
471.293
532.874
-3.30189
742.423
501.847
-687.707
-364.793
42.2708
-943.833
-783.837
251.046
-854.671
-59.2022
547.509
-692.115
615.301
331.508
-7.89752
-258.705
851.063
-435.679
-809.644
-652.09
-299.62
716.18
-402.194
-713.81
632.019
-394.802
456.338
619.488
-923.509
-10.7875
-383.813
818.915
-508.941
-71.5201
-545.878
533.33
-15.3535
-329.715
-215.624
129.976
611.083
-668.114
437.861
226.384
663.394
-570.037
967.678
514.457
-5.71609
-841.966
862.367
694.664
874.214
-539.828
980.854
506.233
65.3705
437.192
125.722
141.862
-573.595
741.908
-39.2234
-82.5361
-329.612
414.898
-549.206
655.035
-914.817
235.17
-214.989
696.266
567.056
-777.128
-77.3502
230.45
-347.165
-109.672
-255.093
647.119
48.3622
-392.726
341.782
-77.4235
67.4467
322.636
-571.19
-867.183
-240.172
554.532
274.679
186.233
296.44
-764.544
-896.303
966.829
650.354
-445.509
621.864
735.537
789.661
-593.126
431.804
356.717
-370.254
-645.547
-412.832
282.581
244.781
332.075
-70.3008
-706.856
939.349
-728.518
215.72
6.79593
594.118
644.53
139.613
-646.054
199.062
-585.708
540.179
-504.498
-350.252
643.875
-537.669
-699.898
-801.634
-915.805
-964.36
988.027
-508.931
467.443
344.744
120.815
821.897
931.912
-596.605
66.6782
263.987
333.094
359.822
203.336
604.576
-424.458
-789.868
198.694
-779.928
349.745
552.64
419.134
764.038
92.8183
914.637
-586.214
-263.306
-623.032
-286.112
-64.9405
-538.838
-250.473
-76.9135
-47.769
-783.029
-732.169
-926.954
-961.133
-800.257
-523.559
105.546
463.73
809.535
-534.633
-332.934
414.111
40.9094
-122.802
-387.195
260.982
-773.057
-834.555
-319.884
990.98
258.263
-405.248
-595.234
994.957
-28.2802
118.654
-69.9838
432.882
868.181
853.103
-614.887
-914.848
-879.066
-541.841
-875.981
-679.324
-65.4002
229.565
784.406
-255.865
694.932
-548.528
-841.753
-264.158
328.669
-228.948
996.823
555.612
-63.5031
-323.061
546.593
-805.24
271.691
951.359
-810.283
-756.589
70.0126
119.733
676.293
-61.806
-27.1644
-938.594
23.346
93.7691
-480.435
147.365
414.445
454.165
-623.07
198.851
-801.7
-928.137
650.323
-643.453
-192.295
-21.0076
127.599
-195.472
-465.395
-935.904
481.467
-918.803
-741.144
-246.842
-967.444
-551.427
-3.43053
102.569
568.306
-327.137
-959.237
-458.859
-265.731
64.1086
634.91
253.834
-788.526
49.3558
-292.001
-411.595
-751.793
-93.7012
-339.732
898.53
262.846
467.972
-122.477
-609.555
-727.5
412.127
-545.459
753.967
493.324
-286.603
-492.875
525.88
161.97
503.695
-371.551
-269.725
-823.443
-330.788
271.417
-89.1738
733.32
-93.6731
-835.34
944.794
955.683
-127.341
-466.801
-796.11
778.958
193.467
-897.58
41.8034
-338.561
-20.0571
432.248
-66.0613
-607.93
886.789
-312.094
885.395
-399.814
195.031
411.275
762.156
-301.274
-960.276
-507.569
-124.717
-291.064
763.848
786.11
-557.744
-329.825
950.77
-612.95
-374.143
-176.572
-79.7505
-170.253
-397.614
-886.284
-67.8324
644.189
-224.845
912.111
76.4376
709.094
-695.819
-36.7732
-603.001
-810.425
563.413
592.03
600.85
325.569
-709.244
640.574
818
166.04
-650.49
581.847
-47.8508
-208.234
-747.978
-97.0812
178.817
-122.121
726.347
-900.934
707.627
-671.267
-787.218
-360.206
972.922
-12.063
-448.095
49.36
-302.969
-143.915
-987.413
94.0299
45.6605
576
-313.94
-353.489
-98.4317
-23.1833
-712.915
-280.432
-857.144
-363.405
-698.585
95.0054
428.361
-446.563
997.924
-392.822
431.316
724.271
-293.756
138.943
-946.996
-80.974
778.737
-974.073
906.963
-669.358
75.2866
-396.006
186.727
87.8734
698.024
-767.612
-336.127
-615.916
-121.101
565.441
360.901
165.984
-714.991
503.757
802.579
-413.575
-401.238
230.94
139.862
-403.314
838.118
-428.822
-679.042
-455.639
710.121
-626.038
463.387
488.859
-600.111
370.35
819.501
475.175
974.344
6.22794
-436.951
672.367
238.616
226.922
-943.549
-882.486
-207.637
417.352
283.498
77.3725
-78.8914
86.077
663.797
519.871
-682.983
-196.341
-883.443
-844.865
374.837
-562.485
-300.504
84.9587
-188.523
-837.117
-426.183
211.366
533.234
-606.682
-313.459
507.578
399.546
249.59
179.945
-361.838
-523.488
236.396
-244.324
268.875
-346.252
-960.826
-653.752
574.857
125.251
-989.955
94.7277
442.268
-186.296
211.285
597.403
-811.459
648.8
-703.101
273.5
-539.723
-540.218
847.317
671.643
993.016
-759.365
-641.816
500.593
640.181
607.774
-319.462
-721.657
-915.714
916.935
34.0188
353.162
-429.317
73.1931
699.409
-854.46
-801.556
709.454
240.267
640.713
-476.842
-548.448
238.115
-288.3
-899.648
535.014
985.2
-439.371
994.796
832.517
-767.727
987.811
-926.848
-409.543
488.405
713.333
-801.769
-831.057
991.676
-717.482
-914.122
25.6947
635.679
-343.44
-901.112
335.089
-197.9
-702.668
44.543
-957.632
938.045
567.701
-506.08
176.16
-720.599
-405.728
-288.826
-735.4
154.902
-294.03
-902.883
387.174
-306.219
-829.731
977.631
-817.814
883.603
-824.138
-648.871
875.278
-541.62
-562.994
-99.027
-905.94
93.5666
-0.139229
429.148
895.667
297.193
-526.309
938.034
235.238
-958.607
-568.046
-588.603
-679.206
26.2264
122.571
-414.606
-818.872
828.541
-317.489
568.303
-477.678
-147.22
545.934
-295.492
-263.617
721.796
55.6362
-388.339
-819.824
492.642
512.634
-725.764
-413.791
-487.505
703.384
-518.124
809.688
-822.924
-580.09
44.9255
-781.531
-148.136
456.323
-460.738
878.09
-421.106
124.656
-940.781
-592.565
807.167
627.521
-70.2434
-340.052
173.455
634.264
396.331
-104.749
-310.1
-992.008
75.4272
-817.457
520.626
349.663
-231.249
-966.879
53.0477
250.627
842.809
230.124
670.537
-112.265
448.592
-477.599
-655.942
987.854
-599.509
-77.0482
112.51
-540.29
330.387
-80.3225
-912.769
-739.857
579.625
260.686
894.407
-24.0444
-844.064
-415.692
-16.0525
231.364
-233.15
-495.426
-418.973
535.602
-462.305
634.074
-213.771
-619.496
-135.802
-543.235
268.239
-687.21
-20.8338
612.297
-699.355
379.657
-464.751
413.155
839.367
865.636
-667.168
926.598
-874.221
912.457
187.283
-979.814
-111.587
343.22
-395.506
872.36
-425.417
371.344
-623.066
155.61
-93.0542
-85.3708
-210.316
693.174
295.134
653.882
-850.06
-436.627
966.673
129.106
-824.33
-732.683
-491.237
-289.081
680.472
-651.87
-423.445
-986.696
-725.272
-297.666
925.762
462.011
-277.48
-185.825
-194.769
327.014
-313.465
379.814
-301.642
63.4693
-464.576
605.304
978.098
325.108
298.478
273.232
-21.0093
448.418
836.605
-54.3368
-422.476
-987.725
212.98
86.2878
-276.805
-106.548
434.418
299.75
-93.2432
709.146
-997.917
-167.481
171.158
-275.397
646.693
976.389
-948.383
-666.771
356.203
-250.025
396.698
891.627
-644.721
374.796
216.735
653.757
-351.972
-804.274
102.175
-515.366
141.389
679.699
-503.091
-645.631
-234.013
220.104
247.822
-799.595
-480.147
-845.421
909.552
-478.063
-12.9028
80.7092
246.54
-366.209
57.0979
298.157
-32.9808
-586.699
-951.868
-636.283
-695.073
-596.589
738.513
521.662
-942.832
-613.458
717.388
159.343
-128.825
-141.223
-160.957
368.084
213.147
605.03
-411.812
-539.032
805.435
108.042
-384.453
714.987
629.978
602.644
-204.304
-123.482
-763.565
852.794
-825.324
203.454
-733.906
-777.192
567.171
-428.978
-373.781
305.684
-907.316
-316.612
692.226
810.072
842.731
-436.599
-331.15
-318.227
931.486
881.996
-713.197
-480.326
-657.035
-907.762
627.716
-41.4882
807.225
257.694
-438.844
-397.079
-865.788
-202.409
-544.286
-691.112
-998.955
-278.191
-468.304
568.216
292.83
157.916
-126.1
385.514
841.303
-433.874
195.587
684.034
129.528
864.436
-634.193
61.0135
746.433
-347.39
580.687
-910.602
-255.151
208.403
47.9094
-447.927
-533.903
609.065
154.994
-399.691
-593.344
610.708
-90.8028
-592.299
-667.483
440.893
975.917
625.347
-401.191
-150.183
10.8613
-559.888
415.944
-793.552
-875.854
-454.529
-929.115
-510.046
606.485
817.317
142.564
187.172
906.715
887.413
-604.425
-45.3756
-560.514
-138.328
-436.31
594.48
461.981
-29.6539
205.188
-628.821
378.047
537.705
812.072
353.964
163.052
-589.119
-796.218
-826.087
-149.007
619.725
-619.639
-24.8603
-834.804
-548.754
465.093
771.681
-731.437
-392.342
-41.1466
-824.722
-504.93
354.429
129.903
-65.4435
-783.899
693.593
-470.964
678.082
-336.061
734.224
-950.739
-958.014
271.929
861.333
395.95
-565.019
-727.786
599.732
-391.106
123.207
219.457
-10.7451
-901.653
384.653
440.501
563.44
156.334
709.064
-828.902
-884.813
884.342
-333.832
469.616
14.2449
600.724
685.717
-292.163
-870.239
363.799
371.776
863.985
413.06
413.762
135.915
274.392
-190.288
570.895
546.606
-590.557
-820.211
-330.187
628.9
169.044
-231.841
13.5528
-390.455
-668.401
-830.113
-681.391
-497.303
-714.926
-797.049
168.865
754.691
217.196
-230.411
440.407
925.033
-100.65
-195.794
296.809
-236.664
-782.734
-289.429
899.25
491.658
520.282
470.146
38.2637
929.726
649.935
708.076
558.625
-181.021
-523.764
-427.822
428.524
-192.165
-257.935
747.133
310.532
27.1395
950.084
-520.603
-218.17
167.279
248.986
-777.763
92.3125
-851.663
26.4438
-610.878
-88.3274
243.71
99.6924
-189.077
-264.632
-380.025
-718.931
773.631
-450.299
931.003
481.708
-891.674
-250.017
957.943
-319.496
-821.494
-234.222
422.569
925.639
-923.69
-550.291
875.723
-444.293
231.539
43.0019
804.694
453.776
-864.686
953.03
-519.78
-475.564
-135.297
723.93
624.129
675.626
-540.703
-755.897
956.694
-767.071
-206.196
887.698
714.636
-97.87
-362.32
672.58
582.634
-183.813
-561.642
5.20367
-258.174
-485.332
454.913
-382.451
70.3752
-313.549
660.55
-124.931
-859.773
795.865
-171.901
-379.553
-679.699
692.802
-655.623
944.43
368.428
-196.326
-811.467
325.123
36.6029
-17.6631
212.821
-248.761
884.467
850.501
-576.181
467.101
-333.312
-137.823
-527.695
408.514
376.845
927.217
-973.938
-552.78
-386.331
686.613
322.288
-246.104
482.478
-849.612
374.344
802.779
843.19
718.721
747.208
211.618
-477.605
935.741
-463.259
558.998
-81.9219
749.561
-689.763
-197.455
600.062
-265.944
-730.354
-733.25
596.232
-258.049
675.264
-26.9231
-330.831
701.327
420.297
282.838
387.939
-257.415
-963.266
-129.583
-107.027
411.078
-326.804
-263.838
129.798
-579.596
947.781
652.193
-643.855
-515.479
211.191
274.223
-765.918
521.428
-923.232
834.145
-744.516
-653.585
-899.105
851.717
88.3659
776.159
-175.207
757.535
477.486
-754.91
40.3723
-134.575
-12.3251
77.1061
735.842
880.648
-511.816
-590.962
-383.19
617.982
-170.558
-435.409
270.175
185.587
49.1117
-518.634
-540.19
283.194
-997.205
-463.422
117.339
-741.721
-117.007
218.234
-890.005
971.359
-5.60741
-65.2111
728.894
-528.122
179.879
-230.734
337.303
-832.446
846.372
73.1449
-951.799
-665.444
482.183
-334.989
952.538
-688.376
229.602
222.713
497.211
-721.286
704.079
957.021
561.908
706.874
-506.401
-320.754
965.153
376.592
897.48
-924.852
347.951
-108.128
9.9368
76.8447
363.751
-810.184
846.111
-298.946
-642.631
692.483
774.198
-594.429
-972.962
256.381
70.5821
979.576
568.005
-699.816
202.288
65.2163
-421.103
-93.6326
22.2374
-859.195
-386.759
515.837
-179.949
-421.606
-107.571
-282.469
-346.458
-759.62
609.404
663.478
317.225
-26.8458
853.294
163.336
674.208
-789.337
-144.182
448.406
-383.766
-117.144
-295.213
686.816
-137.568
-727.208
987
-935.28
338.009
-434.102
-28.9121
-639.754
-293.297
584.329
876.083
526.754
-837.277
-231.488
-755.715
-183.736
8.89231
853.689
-520.258
-673.883
-173.157
-666.964
489.453
-498.949
-456.3
-654.729
949.457
159.934
228.127
-345.756
-153.25
-909.441
-72.9638
-166.25
-844.72
-734.955
399.647
126.368
-374.709
-893.65
-289.303
-498.626
633.104
-126.581
269.886
877.389
689.683
-721.222
731.078
-830.574
-395.104
-442.079
-497.538
-905.652
58.9718
46.1617
-560.381
8.42856
-793.905
667.746
662.672
52.8453
758.305
-410.291
886.595
913.585
-145.246
286.243
39.9528
480.045
392.593
750.649
981.418
25.6965
-375.932
251.304
-96.9143
-686.248
530.083
-365.836
-516.823
-865.022
192.085
-14.3606
-770.673
-748.944
-968.199
-331.054
259.485
-762.103
-663.308
-77.8426
290.742
-905.002
511.866
177.337
-991.417
-633.38
-536.42
48.5355
846.664
856.172
-200.815
828.083
-118.131
423.253
79.3871
784.954
737.005
-390.53
-580.882
-779.817
-255.552
611.203
205.822
-26.2251
862.259
237.623
642.721
121.744
475.52
979.413
-956.099
-233.738
-925.59
555.768
943.599
-917.007
922.387
-592.822
131.529
769.051
-736.65
930.714
597.134
145.219
353.967
-323.479
-69.8266
90.9722
285.991
349.291
311.155
-969.561
-39.5061
-483.023
4.21423
-177.247
754.6
-353.065
944.497
230.119
-373.652
988.399
996.381
-299.242
544.166
939.98
-216.248
466.553
-652.842
915.28
235.605
-389.491
845.994
-167.261
755.728
199.961
509.26
-314.099
-709.067
-204.749
-964.807
602.088
-174.31
-4.31347
-880.935
829.905
818.44
873.664
-523.161
762.937
103.784
103.187
751.335
100.165
803.946
295.501
40.1447
-412.303
-237.945
387.303
-497.022
997.659
997.812
-651.028
-169.602
753.54
548.933
-660.342
-560.559
839.866
134.909
-525.367
441.954
960.599
470.32
561.018
790.504
288.759
434.683
-732.657
51.696
-461.534
370.531
-196.969
638.631
174.476
-901.468
-321.224
762.173
-139.413
-933.921
-734.849
-141.754
-936.109
-385.877
688.644
817.43
-836.944
-971.698
-743.129
-997.078
163.211
-268.496
444.876
123.81
-798.176
5.89403
-85.6862
490.584
-559.423
181.657
-457.72
-20.9569
-447.812
345.311
-382.326
726.664
443.843
296.45
488.837
-695.57
362.529
753.988
162.676
426.419
-631.889
-148.68
243.85
-468.834
-120.378
500.72
-465.912
-957.167
-767.775
978.964
166.643
-565.951
-15.1424
-919.043
924.633
425.434
262.614
-533.087
-595.523
814.801
812.224
22.1518
541.465
256.067
-681.398
30.3021
560.497
681.131
-215.71
-276.827
107.55
152.401
574.493
-648.6
683.568
-545.885
852.12
-782.344
-503.052
-915.655
-803.381
663.591
-481.606
181.477
744.547
-556.973
-393.089
7.16104
-90.0597
11.3889
-178.038
-277.836
-966.459
-636.573
978.231
-647.857
393.729
538.728
-966.727
-821.981
-738.099
140.824
330.421
836.394
492.223
13.9884
-709.491
344.344
231.644
-212.543
428.689
428.264
-548.952
947.083
-390.259
-804.405
-609.889
216.652
202.756
300.051
-771.959
-975.282
-977.785
-738.418
-611.855
-999.554
-386.276
781.875
539.175
-353.002
959.894
801.076
787.821
290.315
637.47
280.045
-695.697
927.979
-375.611
535.947
-284.564
-946.923
-35.7889
166.484
-999.839
573.952
362.079
-609.729
-209.396
-435.165
690.323
18.6448
-410.447
712.538
280.226
-22.3019
712.984
893.951
-240.427
252.159
-459.052
-280.533
53.2347
-671.23
-990.219
-309.295
608.814
-685.915
-381.316
-766.797
850.032
334.12
-713.72
-185.757
-499.396
-713.559
-611.805
862.683
-323.287
178.799
-572.483
-632.965
-802.557
17.07
-920.427
477.67
994.768
792.557
371.621
-245.659
44.7156
912.569
473.807
-902.05
-758.662
483.589
-211.345
850.153
797.673
407.339
-916.644
647.705
-258.54
-630.364
-538.052
242.064
-343.923
-149.857
104.746
332.789
-971.058
532.263
699.824
-773.615
-450.667
779.397
704.055
-455.899
571.954
75.6759
298.442
-383.33
-11.7551
-227.75
-285.38
229.583
-744.161
503.275
79.7361
-946.488
-89.3854
163.092
701.217
652.074
532.728
-836.834
-105.862
-811.195
13.309
998.884
521.594
42.2509
531.147
221.418
268.636
-919.519
0.815685
-27.3086
-375.418
-427.23
-951.633
923.024
189.439
36.6122
-304.726
904.059
-733.804
-48.8875
407.335
345.932
4.6244
-682.051
-490.977
-294.158
970.023
-958.249
-130.992
-135.839
-769.444
882.317
-136.955
752.15
-75.4326
-605.808
-26.4318
-806.796
-525.327
974.384
165.895
99.2548
-452.846
214.262
22.2791
736.593
-749.125
717.553
640.652
-482.93
-331.335
47.9872
863.002
673.29
365.937
-627.975
-620.868
335.96
-586.224
248.139
-799.879
-355.668
130.456
63.1662
-603.518
-944.977
457.358
370.05
-751.773
932.031
344.434
414.122
31.286
891.587
-371.616
-946.435
628.18
-120.741
771.118
268.833
396.329
-560.216
-683.18
259.331
-886.926
682.757
631.356
-507.795
18.7167
-954.867
740.344
218.838
-310.535
-129.2
-717.996
85.9465
-74.1769
739.363
-544.004
174.05
671.394
800.43
-411.828
-297.32
692.018
216.556
-243.755
320.198
-904.185
-472.637
-410.969
492.144
-32.8533
-94.149
-248.526
80.2202
-411.392
-617.17
572.425
607.324
-572.037
312.77
-173.838
117.428
-816.43
108.167
-796.626
109.393
-152.471
-340.629
-716.557
-481.077
-540.199
-128.386
221.603
-848.181
-911.83
977.848
472.017
-816.015
-494.789
-938.953
676.128
472.358
-33.1015
-572.397
-447.422
555.506
-189.567
-874.997
162.831
238.396
437.773
988.993
-644.176
621.343
97.1596
-440.802
-269.265
944.689
218.569
14.178
-536.388
678.37
885.792
685.215
830.188
973.962
663.063
302.205
-842.053
-831.726
363.252
834.075
640.631
-669.849
-738.322
-806.791
885.657
72.1109
-681.787
48.4875
-689.493
755.986
37.4805
-333.669
377.328
-865.36
225.529
-891.936
-920.671
-555.902
122.242
-457.059
-877.533
8.03389
-771.845
952.656
-18.0037
891.218
254.86
139.943
-940.508
-381.887
-25.9811
700.123
-51.7368
235.697
893.332
-166.08
-692.192
-788.455
882.407
-381.685
967.53
-80.1121
284.645
344.858
54.528
-489.826
452.922
133.857
-45.7281
-424.836
676.797
76.7392
583.197
904.953
29.3947
-434.806
796.17
-715.745
705.137
855.662
-97.6325
-320.844
555.785
850.631
914.853
449.117
-315.449
-777.339
660.662
-433.042
-159.025
628.192
486.846
-874.379
-26.9494
-458.626
-364.205
-574.027
675.231
590.067
1.13609
352.028
-333.194
-415.667
256.981
696.201
149.527
53.151
980.456
-145.336
-91.1871
-117.177
533.821
-535.402
-266.546
448.673
913.715
418.004
671.334
574.377
984.963
-487.691
202.569
471.809
-362.07
-824.381
-986.817
273.724
-398.408
688.414
-136.209
602.728
40.4416
530.597
-812.939
-702.578
226.798
336.589
350.573
207.253
-808.747
-740.614
-909.924
725.074
-276.016
-176.47
173.747
-362.301
-758.466
-154.919
-787.925
-773.503
357.39
414.644
698.305
995.32
590.263
711.488
269.044
-808.145
399.901
-867.165
794.583
-559.657
663.432
981.645
-262.235
-109.77
318.234
-911.661
-902.517
509.487
-652.275
-812.441
234.561
71.7086
11.0886
-591.692
709.407
252.623
253.389
921.483
479.119
-389.221
336.127
177.424
-393.901
-73.6098
-111.088
875.143
118.245
-711.186
-992.021
-87.1712
-270.843
671.411
-105.526
466.922
-438.359
-787.293
555.261
-340.876
722.194
902.985
-153.317
-43.2455
-25.3059
857.771
365.062
-315.899
110.394
-381.549
-394.416
-410.487
229.23
941.711
766.937
835.329
-131.899
-344.15
710.472
986.346
-55.3367
718.451
-100.825
673.82
389.862
793.649
140.742
951.503
-993.644
-303.997
-389.374
728.55
-401.011
457.309
-314.695
573.683
315.08
-949.633
-742.216
-574.526
-331.182
-136.632
14.9869
898.048
-194.921
-218.076
733.377
673.18
437.774
443.849
659.527
-617.563
162.3
-441.298
-943.743
-447.838
-647.649
197
-496.335
-641.293
893.003
114.291
-912.743
-508.009
-428.4
-227.438
-934.326
886.681
-177.072
-676.542
-687.846
491.746
186.827
327.141
389.794
991.906
-890.935
123.171
665.086
546.839
-432.98
324.612
929.276
729.321
883.314
985.533
-718.517
-764.335
182.533
-214.852
-405.628
75.5355
899.439
-318.371
567.527
-528.961
454.191
633.201
-642.28
-722.881
956.659
-330.126
768.865
143.486
997.016
158.659
135.391
-893.919
-718.17
-199.523
652.92
-151.149
-874.91
582.196
-421.829
-991.596
567.729
-140.346
-755.931
-249.738
644.802
-161.559
825.798
544.241
520.071
393.325
-984.72
-25.7384
26.5256
-627
251.381
-16.8153
42.8742
20.2464
-873.33
39.8898
-821.094
262.062
145.971
-539.264
-937.461
-201.109
309.587
-812.372
-618.913
887.758
-803.968
948.817
-252.587
-559.899
-300.921
-607.786
278.543
-475.123
936.455
-201.387
918.201
951.735
772.875
-55.2731
-675.265
24.256
927.912
367.609
-955.498
-945.418
-592.501
-776.592
316.644
553.47
-315.855
379.183
-647.639
993.732
566.811
-266.552
881.49
762.844
-317.735
-371.097
-797.055
381.344
21.1172
481.488
906.221
-42.4277
-719.899
824.422
-90.6924
-947.024
-230.851
234.043
77.2321
-302.94
-398.348
121.735
-248.358
9.15161
345.143
-931.714
-437.378
-970.712
447.469
-85.0171
-976.981
14.2802
648.431
904.51
-222.876
-669.304
-466.588
-19.9313
712.04
554.53
-538.444
618.261
-487.898
-258.342
442.683
421.41
-205.366
-788.168
-344.547
871.866
-91.1081
257.105
-6.39962
660.534
-733.744
-661.257
728.821
-171.122
-631.969
176.289
743.861
-608.95
-809.43
392.292
-704.44
-32.3066
722.989
-171.027
947.762
435.029
-616.498
-590.681
53.2898
-104.396
150.976
-504.027
-682.986
945.61
-292.196
-27.5337
817.476
616.696
-770.429
-188.924
277.23
-504.172
149.819
6.05074
324.706
517.85
-817.66
68.567
908.901
-627.09
-539.141
-795.539
340.603
-816.152
33.4333
288.366
618.877
416.935
697.684
-327.833
-687.46
-151.34
168.139
-370.447
-205.73
875.944
602.02
-388.255
492.64
831.591
422.821
-230.13
-672.581
-427.359
775.921
652.124
-909.509
958.261
-279.309
999.391
-668.829
181.551
-796.148
671.774
365.399
237.285
-39.8604
-15.7242
-345.779
-342.176
656.443
-33.2394
506.484
-175.418
596.314
-699.246
-299.474
198.334
-87.5006
-806.835
29.9248
-664.679
-36.9649
357.343
-92.0387
-261.044
9.46774
-1.54784
-302.784
730.159
-2.15638
28.3871
-88.2902
201.696
-299.839
-722.891
-561.019
660.301
261.384
93.2023
-681.875
-82.1731
-940.037
824.609
742.409
656.277
-874.637
-557.065
-145.389
37.8619
-363.9
884.536
373.183
599.135
241.879
-718.856
-661.909
-748.653
279.596
35.3071
981.506
-722.56
-936.306
-106.784
479.136
-236.145
170.324
918.117
-575.844
-568.292
11.3193
-257.719
349.535
71.2822
-433.111
91.9445
-272.441
-307.748
534.879
582.17
730.114
-829.021
466.706
103.297
770.114
-291.415
384.441
-891.795
-40.0682
-335.963
143.512
-58.5623
-58.5234
207.206
834.653
-579.388
971.062
4.9776
-661.271
-604.782
436.686
350.049
137.498
-213.778
-578.669
704.388
878.166
148.89
-603.36
413.045
-268.94
-873.247
584.025
-802.234
230.05
354.139
-93.6489
-385.509
462.344
866.283
278.527
-394.144
-192.279
-779.996
813.062
-357.626
-359.384
784.124
647.352
-20.6545
-820.658
84.0377
-670.606
316.84
870.259
-249.275
21.2279
748.425
899.615
417.868
161.47
-369.325
544.621
-254.505
-171.559
-225.329
-900.366
734.792
389.162
561.978
601.075
-332.311
-832.166
-591.204
-112.307
980.896
51.1697
528.309
765.02
-301.479
-492.345
944.362
782.559
-162.951
261.202
652.818
587.773
-717.57
401.244
487.388
700.297
-437.286
-881.937
244.918
308.209
-53.496
-980.411
407.843
-318.704
408.751
-30.1791
-717.629
-923.56
137.655
-308.833
-35.8671
118.551
742.337
-507.558
-116.429
-559.142
0.0965823
-172.068
-776.583
837.145
-910.866
876.236
424.918
-628.436
277.479
-87.6935
-928.139
840.193
30.3695
316.779
148.402
976.874
336.369
-443.755
-341.83
-254.88
526.066
-59.4591
-178.44
-336.279
631.708
785.692
782.272
374.044
-721.866
-334.157
814.903
278.231
493.775
-961.68
115.376
582.909
914.555
-459.705
954.473
192.034
452.601
-973.666
32.2278
-517.029
343.113
-819.37
-540.156
-320.518
-263.124
118.014
424.601
-737.058
-941.445
-753.839
-73.337
690.263
-968.147
-291.065
64.307
-690.012
374.778
-120.79
588.219
-131.447
-82.4707
-296.405
-548.538
-167.915
243.889
-594.065
-975.881
-303.509
-567.731
56.3468
179.461
775.382
236.977
639.305
-545.136
973.853
-242.681
879.465
-763.205
-184.126
-874.374
163.458
-493.864
-842.52
872.393
570.443
-532.533
247.17
-550.347
-944.314
-884.277
367.182
-240.719
-432.815
-800.733
-996.83
-26.8801
-776.614
-300.339
405.389
279.733
879.122
180.771
-483.29
518.427
635.635
-509.438
-724.254
515.1
-272.643
91.6201
640.726
890.815
597.756
798.206
763.207
168.2
-734.327
10.3773
617.853
-678.641
126.1
-14.9647
80.6398
693.285
184.302
83.81
-333.595
407.688
783.471
-928.206
-312.579
662.593
252.565
204.131
181.02
-111.8
694.693
456.766
-596.7
-577.949
-451.614
-955.974
-687.135
-853.858
842.232
-923.928
314.342
-892.095
86.4498
-67.8047
-570.735
-787.45
917.231
509.904
905.835
101.533
-406.286
-427.76
-490.779
-622.815
-355.966
196.642
-960.222
896.599
-599.227
220.797
-215.202
-904.533
-322.437
188.098
-482.483
225.949
232.124
-169.617
372.091
74.3567
-93.5449
-313.566
182.262
992.905
618.629
611.527
-794.545
535.86
121.431
-888.71
-362.607
715.145
-316.47
146.614
-907.67
327.564
-656.744
-867.892
224.162
-255.97
352.905
-991.039
-160.504
-969.532
197.059
357.014
256.417
-570.817
-812.604
-371.491
503.54
93.8514
314.942
-314.198
86.7563
-66.4287
-702.671
292.211
-530.569
418.76
403.501
106.824
133.905
-912.969
-746.562
226.235
414.595
-403.306
358.343
-361.243
340.723
-288.752
-352.282
-819.78
-258.283
844.777
537.234
998.134
-726.04
724.63
-373.358
777.5
-181.519
941.585
-536.698
905.238
-124.844
-239.37
197.449
344.587
-820.61
-399.05
-548.589
313.295
-312.019
-295.152
-460.469
-897.424
301.542
897.874
-258.667
-357.734
-390.877
389.051
-177.514
350.839
233.827
-640.281
348.973
507.787
-915.651
975.615
285.287
-97.1698
917.2
748.588
-191.932
-207.644
-490.781
-994.484
-863.057
-311.391
-393.534
-411.647
-998.096
294.447
293.201
-458.565
397.023
-405.256
-560.691
-861.644
237.009
48.4317
527.406
-940.505
-600.729
-238.767
-580.786
748.244
-730.98
-496.437
723.859
554.307
406.393
641.059
302.895
-785.539
-566.585
812.114
-780.023
-429.643
-499.277
-173.557
158.71
-497.373
-879.109
-548.088
44.0624
517.913
46.6554
483.372
656.269
-716.335
-468.197
183.675
-656.84
-68.9257
944.908
-237.627
-320.682
-786.071
265.936
-596.823
768.235
-327.671
-955.764
71.1306
-113.21
-522.349
-116.755
106.767
48.008
383.968
933.211
-793.282
886.595
-945.899
-341.37
-69.3425
572.015
705.285
-585.971
228.284
988.95
-54.1676
-588.041
-667.89
876.907
-643.133
94.483
-443.775
-429.204
-639.581
-40.5976
-660.969
32.7487
3.63883
410.162
919.539
481.29
-706.593
26.3063
-470.702
677.374
-40.4829
-263.984
563.969
13.6185
394.646
-505.373
-414.367
99.9312
-91.3443
813.917
88.8812
854.488
-774.124
420.991
731.395
-417.257
-484.526
-712.38
153.539
-124.107
247.022
492.57
908.642
-749.339
-97.2679
828.181
731.951
196.139
-145.513
-738.751
-126.487
814.004
-2.73543
-562.518
-172.377
-608.09
-67.8914
413.256
491.842
840.764
227.173
-419.277
695.252
453.049
-998.286
426.647
-964.208
-482.813
714.267
189.33
393.08
-38.7109
-318.099
301.722
211.95
584.633
129.903
-56.0991
-219.229
984.39
205.149
654.284
798.394
-797.586
-908.234
-373.983
-405.675
23.8745
-960.727
-913.834
-135.361
266.446
-333.111
-440.109
-280.506
-331.397
986.538
-244.714
185.79
700.805
944.616
-421.13
-337.905
-373.483
880.593
874.045
-788.851
10.4959
-182.054
-8.07941
-5.11405
-976.905
-353.795
-206.72
-774.491
-262.03
419.297
-180.166
761.845
458.57
-94
-373.516
-274.985
572.889
186.375
444.509
-758.508
172.914
-800.205
427.282
-126.281
-855.589
-993.848
535.814
-229.072
886.745
409.858
-17.9223
-102.759
-772.196
973.998
892.127
-749.101
-379.797
-314.593
-523.592
358.173
-895.296
296.242
120.018
563.273
-797.758
746.502
-711.711
775.131
-67.1229
732.798
-983.377
-894.209
932.593
443.904
-20.4904
-922.995
450.056
-484.677
-152.067
336.801
925.181
830.011
-765.958
-847.015
804.009
-873.831
-596.116
-575.788
-188.424
-119.708
782.385
-83.7201
-823.466
-97.5968
-520.447
-621.224
-351.095
-232.158
-846.093
581.782
-499.36
-829.47
687.573
-566.767
614.434
-332.917
-489.762
64.4903
182.406
358.171
-598.708
107.587
188.182
-364.666
260.572
-7.80945
-238.497
664.457
416.402
573.079
-455.251
198.787
-510.641
-278.717
-898.81
-31.0877
100.06
-249.904
736.754
253.967
-668.122
-762.606
424.496
-980.549
-329.373
38.9301
-313.467
180.865
-896.58
868.939
-460.964
-495.288
-23.4739
727.218
140.046
-762.902
-280.592
901.549
901.555
-864.189
474.628
-553.696
334.598
963.987
167.587
435.788
-67.1003
-732.353
-814.116
-330.346
521.613
-482.238
-92.952
-53.8903
-462.788
577.675
985.04
223.746
-241.459
-911.54
92.6845
297.577
-406.828
-930.789
24.7947
733.218
-693.691
744.203
634.768
-792.136
880.014
109.396
-345.832
214.612
73.3833
821.755
-349.6
-993.717
-910.598
-163.716
-324.063
611.015
354.045
582.985
-442.875
891.257
160.66
-457.835
115.003
919.201
-369.375
-792.313
216.778
223.797
-723.102
-758.428
-42.9843
-416.793
985.775
-408.217
-208.929
865.789
701.179
445.239
80.4008
-225.438
266.994
730.801
-219.155
356.396
-432.916
456.782
-32.5886
921.129
39.767
524.536
812.387
-799.573
-933.299
-72.6105
-880.372
-302.674
135.077
336.406
921.124
411.975
577.978
-121.861
995.182
563.753
469.923
-213.747
429.543
171.102
-768.509
-490.057
945.664
498.485
-759.256
-273.491
-145.119
-192.172
-816.709
822.293
-271.043
223.058
346.829
-458.656
423.486
413.53
468.733
543.114
-889.143
-396.19
-120.481
-968.02
-984.215
-542.503
-89.8805
-989.033
-978.749
-619.958
-202.781
450.793
551.144
28.7105
960.737
496.808
-472.804
-798.519
-776.683
382.077
9.30872
-593.392
204.37
738.266
629.667
-448.801
-720.39
53.1525
964.729
748.343
-403.734
-924.414
-647.846
475.785
-892.434
-632.061
933.283
17.6853
-621.095
954.533
397.727
176.125
405.327
-51.129
-795.165
366.063
-554.321
-267.969
567.544
-331.004
-885.892
-423.147
75.604
318.478
-684.881
-294.729
869.677
-405.271
758.423
834.406
-656.928
-645.31
909.991
-304.774
830.475
-982.443
63.1647
763.758
35.2427
442.07
718.291
-567.03
-381.805
123.618
381.841
-176.97
-510.319
827.52
555.061
-942.775
-503.485
669.169
-365.922
572.119
-12.3532
-50.8036
-722.61
-142.677
543.925
-964.187
-308.271
886.997
-609.497
-398.279
-417.777
-779.022
-380.722
645.388
984.736
654.521
87.458
703.027
-912.509
705.653
-173.355
469.332
-471.317
316.327
296.851
-916.257
373.552
793.366
752.912
-992.37
365.485
-259.441
-43.174
642.875
597.883
-499.249
678.689
-710.388
-612.251
-930.808
-108.667
-30.0282
-709.83
510.61
-384.64
-725.094
165.131
702.818
977.934
252.622
408.471
-195.421
-278.047
937.153
-879.094
-981.195
-979.103
494.458
812.171
773.809
502.087
177.656
-485.632
-541.087
-179.468
-887.749
-40.3356
-500.779
-598.137
347.413
-431.587
293.195
-682.615
-141.417
-196.194
-67.2555
133.49
968.937
-364.438
111.423
221.559
-955.967
916.003
943.512
981.186
-963.091
962.317
-997.917
531.366
774.488
775.892
33.4535
-47.856
-709.74
492.367
772.676
-597.489
-547.969
-728.103
-195.626
799.444
-159.69
-902.431
-883.171
698.893
-98.6249
49.5733
-167.618
-129.688
685.136
943.806
-908.129
729.168
859.808
-964.617
710.354
896.717
997.7
712.437
428.083
772.187
488.329
-538.463
-275.669
778.589
953.903
-502.993
-818.9
-594.065
-231.096
-14.5263
-794.621
609.213
83.043
-677.793
308.106
984.418
371.781
-859.512
-145.27
56.9163
-915.706
-53.399
-213.915
944.102
-18.016
-503.561
840.819
-20.3165
-791.124
268.902
-248.129
697.205
730.439
476.202
475.794
684.342
973.209
656.893
-909.723
-257.887
-357.633
-704.345
-648.674
725.41
-382.137
659.432
709.828
989.644
799.92
-435.442
46.5599
884.214
511.159
832.645
828.317
-506.857
-670.916
669.136
472.827
-462.04
-61.9619
-775.302
-764.835
-331.523
700.899
710.958
-647.181
674.108
367.851
-556.904
-583.779
-989.782
-261.249
-232.453
735.628
356.614
-573.021
445.456
346.258
-773.101
-989.985
-607.182
-888.886
521.174
-774.538
939.43
-985.683
-445.454
608.566
487.144
92.5057
-453.396
711.842
327.67
215.081
412.741
38.6283
567.9
86.8497
-593.52
-989.004
503.071
-583.302
-250.253
-729.382
-847.674
-893.639
-302.403
597.783
452.619
-75.5039
607.797
845.437
35.6097
128.971
-929.101
-24.96
143.289
-374.555
-416.394
-369.567
717.95
130.21
-657.725
45.6207
-654.708
755.016
-915.751
913.192
-158.134
-509.271
924.188
-655.064
-92.5733
-326.065
-384.446
59.7529
-219.704
313.151
-342.464
-767.085
-762.353
-734.667
-921.648
273.257
394.304
-850.749
-751.703
-462.407
-225.304
-168.097
168.026
-507.354
962.113
510.3
538.267
-692.595
265.316
622.516
-779.403
-892.818
-886.755
-855.216
-547.881
20.6712
-181.281
67.6729
-919.576
599.016
-619.176
-262.04
831.931
-381.529
3.29256
910.283
891.728
-602.403
-940.466
-859.975
-64.8104
-165.77
-28.0723
-896.785
326.876
-65.9589
613.516
-134.857
241.446
-121.168
-512.341
462.043
-13.9855
-399.097
606.827
438.133
621.574
-574.454
-494.194
701.998
-975.438
-113.37
-560.042
856.493
505.101
443.251
766.776
396.829
840.847
826.31
536.854
-223.963
-339.46
-491.219
-120.747
987.415
442.822
-507.232
-147.442
-315.732
371.601
340.217
-853.689
-642.385
941.12
753.138
795.748
562.694
-821.316
-698.446
264.693
-796.754
188.185
704.651
-940.261
-306.714
147.902
826.515
-909.885
-11.251
652.824
626.968
764.786
-686.636
-864.25
-355.961
-699.221
578.572
136.807
153.338
-737.16
-491.592
-506.445
-590.849
-133.977
-565.326
-837.711
-338.229
997.369
-659.027
-36.6741
262.061
-455.781
-848.49
-33.2877
-396.042
-155.204
-885.386
-569.528
-65.0892
103.363
-916.703
-438.121
-131.851
-603.339
-302.371
512.188
-302.56
-723.799
-351.005
850.778
-460.959
157.402
-655.668
-51.8074
-976.575
-220.993
110.482
-314.803
-223.624
451.455
648.523
-961.563
995.674
800.033
5.14921
-400.368
-355.171
119.763
30.1041
579.74
-776.874
113.401
-858.381
91.2748
510.061
-160.752
-396.538
-792.498
115.449
252.457
-941.721
654.49
-590.14
-597.388
-397.317
-566.715
181.619
713.165
118.482
957.994
164.62
-232.995
996.431
160.294
-432.962
1.58038
759.925
211.867
-878.657
-209.971
-208.392
-655.531
903.43
-66.773
435.744
413.492
772.475
-960.793
620.993
-112.076
291.664
679.273
-457.586
701.523
-918.115
145.097
-865.192
263.503
-141.739
253.29
221.497
-977.119
-979.705
217.929
183.174
-412.667
-780.491
-56.9003
799.2
-659.148
733.129
-409.192
-314.678
636.559
524.035
-878.934
50.0508
296.51
-839.728
-328.956
-815.566
451.936
-649.683
-273.152
153.459
-567.799
871.945
288.267
695.705
-269.794
-458.443
-82.798
-246.913
-438.148
-864.869
936.261
149.185
-645.36
-120.639
-51.6151
-304.508
-387.51
539.193
380.814
-750.951
63.2277
501.88
299.1
-640.262
662.152
970.144
-455.828
114.088
-679.54
271.019
-732.453
-247.338
142.964
555.814
-551.634
873.17
-902.629
365.568
-373.744
-340.777
500.699
-437.483
808.407
855.339
441.878
-243.208
-449.169
-945.632
-704.015
931.645
-696.584
359.213
433.524
602.516
718.95
95.6763
572.66
-736.878
-790.236
893.12
534.141
-522.689
-354.218
-322.895
-966.875
94.1478
-449.725
-869.505
-540.284
176.531
-210.282
960.415
739.049
-401.875
815.754
180.926
354.917
-633.416
235.294
650.902
-701.771
538.71
10.1142
731.754
141.226
-270.936
-172.57
-286.114
-7.81389
37.1939
-392.994
-473.673
514.505
252.788
203.432
547.629
-653.065
753.707
678.124
-193.348
-69.762
-532.158
-232.933
-330.713
65.9672
-417.18
850.213
-579.116
-50.5953
85.507
-928.214
247.634
-375.783
81.9
-20.6126
765.444
810.964
806.817
-520.67
-196.85
-155.989
86.3359
329.478
-641.484
-660.876
-467.09
906.145
-313.941
-713.383
584.269
492.711
216.855
-947.888
-740.223
886.141
118.079
-157.403
736.354
538.963
792.002
-178.139
610.749
39.6359
446.079
-307.351
-980.977
211.523
-496.387
825.841
690.852
306.763
-330.148
-222.812
-363.759
28.3674
116.312
169.151
-65.4878
802.371
455.767
-481.219
295.082
-327.378
-429.107
554.859
-441.237
688.972
-602.544
-704.882
227.935
-810.542
116.979
-161.317
229.094
-436.943
531.332
248.117
774.58
-965.055
73.958
465.432
341.708
743.81
-757.379
977.949
-227.823
358.933
147.1
706.689
161.304
-397.133
-774.529
-543.615
275.489
-203.636
-988.756
834.252
-514.664
-591.3
-870.63
713.27
-401.842
246.349
-448.047
827.252
809.406
-916.715
75.3695
583.986
-881.77
-850.672
49.4187
459.938
893.137
292.039
437.887
-334.686
-349.028
-415.014
-627.996
812.276
187.854
-402.526
-731.339
-536.657
393.838
-720.096
-702.405
879.174
-311.396
-573.035
592.444
286.762
673.314
-855.603
114.014
482.72
-772.318
-810.616
66.7066
-654.088
-661.289
-883.875
805.849
-768.151
408.165
243.736
-102.837
-940.863
828.722
269.166
871.412
16.5757
866.641
-859.927
479.918
260.479
-580.023
777.514
139.653
108.582
-795.521
-267.904
-604.656
877.793
-123.507
509.358
360.513
104.175
698.742
-572.78
450.087
-962.546
-456.655
255.936
-730.697
951.51
-500.328
166.466
-989.354
-671.606
-564.368
882.059
344.97
-697.727
-977.869
-175.112
562.752
-557.891
-397.598
-297.596
550.69
-193.119
434.501
946.034
-315.326
-689.006
455.393
-954.813
415.169
154.135
-527.593
-134.744
191.589
15.7518
-878.808
460.892
-32.7385
-379.136
-372.642
-22.0922
-50.7417
62.9897
-140.034
-705.772
365.262
-117.902
119.116
-71.9859
324.207
721.518
630.418
-125.103
-471.602
64.9189
-179.069
213.072
375.913
-723.676
258.259
-208.918
430.46
730.665
656.339
-377.951
-253.583
777.531
