Dynamic Programming Table representing cost(C[i][j]): 
000    010    040    110    170    200    270    390    480    
000    000    020    080    140    170    240    350    440    
000    000    000    040    100    130    180    290    380    
000    000    000    000    030    050    100    190    260    
000    000    000    000    000    010    040    110    170    
000    000    000    000    000    000    020    080    140    
000    000    000    000    000    000    000    040    100    
000    000    000    000    000    000    000    000    030    
000    000    000    000    000    000    000    000    000    



Dynamic Programming Table representing roots(R[i][j]): 
00    01    02    03    03    03    03    04    04    
00    00    02    03    03    03    03    04    04    
00    00    00    03    03    03    04    04    04    
00    00    00    00    04    04    04    06    07    
00    00    00    00    00    05    06    07    07    
00    00    00    00    00    00    06    07    07    
00    00    00    00    00    00    00    07    07    
00    00    00    00    00    00    00    00    08    
00    00    00    00    00    00    00    00    00    

Optimal Binary Search Tree: 
4
    3
        2
            1
                -
                -
            -
        -
    7
        6
            5
                -
                -
            -
        8
            -
            -
