-999.906
-999.839
-999.554
-999.189
-999.179
-998.955
-998.767
-998.465
-998.352
-998.286
-998.242
-998.096
-998.087
-997.917
-997.917
-997.749
-997.486
-997.484
-997.349
-997.205
-997.078
-996.83
-995.774
-995.582
-995.553
-995.455
-995.265
-995.179
-994.755
-994.484
-994.369
-994.344
-994.149
-993.895
-993.848
-993.717
-993.644
-993.538
-993.537
-993.436
-993.336
-993.084
-993.072
-992.843
-992.607
-992.37
-992.283
-992.276
-992.021
-992.008
-991.677
-991.596
-991.417
-991.039
-990.547
-990.219
-990.124
-989.985
-989.955
-989.848
-989.782
-989.354
-989.183
-989.13
-989.033
-989.004
-988.756
-988.582
-988.314
-988.179
-987.99
-987.756
-987.725
-987.413
-987.149
-986.817
-986.696
-986.474
-986.092
-986.04
-985.973
-985.683
-985.652
-984.72
-984.568
-984.24
-984.215
-984.082
-984.04
-984.009
-983.377
-983.063
-982.863
-982.854
-982.443
-982.246
-981.853
-981.845
-981.295
-981.195
-981.06
-980.977
-980.549
-980.411
-980.104
-979.814
-979.705
-979.103
-978.992
-978.829
-978.766
-978.749
-978.717
-978.522
-978.177
-977.986
-977.869
-977.785
-977.119
-976.981
-976.905
-976.639
-976.615
-976.575
-976.509
-976.424
-976.064
-975.881
-975.541
-975.438
-975.397
-975.282
-975.04
-974.339
-974.073
-973.938
-973.677
-973.666
-973.319
-972.962
-972.883
-972.267
-972.238
-972.19
-971.832
-971.7
-971.698
-971.299
-971.245
-971.058
-970.841
-970.712
-970.386
-969.898
-969.561
-969.532
-969.112
-969.031
-968.602
-968.551
-968.199
-968.147
-968.02
-967.645
-967.562
-967.444
-967.399
-966.879
-966.875
-966.727
-966.699
-966.459
-966.126
-965.256
-965.087
-965.055
-964.96
-964.807
-964.617
-964.424
-964.36
-964.329
-964.208
-964.187
-964.005
-963.266
-963.182
-963.091
-962.888
-962.546
-962.451
-962.178
-962.134
-962.024
-961.68
-961.565
-961.563
-961.393
-961.133
-960.826
-960.793
-960.727
-960.711
-960.276
-960.222
-959.954
-959.305
-959.237
-958.983
-958.607
-958.584
-958.272
-958.249
-958.109
-958.014
-957.833
-957.812
-957.632
-957.614
-957.167
-956.403
-956.099
-955.974
-955.967
-955.764
-955.678
-955.659
-955.498
-955.454
-954.867
-954.813
-954.81
-954.168
-953.967
-953.354
-953.094
-952.274
-951.868
-951.799
-951.707
-951.633
-951.417
-950.849
-950.739
-950.263
-950.196
-949.633
-949.382
-949.29
-949.126
-948.775
-948.717
-948.666
-948.383
-948.294
-947.888
-947.795
-947.626
-947.024
-946.996
-946.923
-946.488
-946.435
-946.432
-945.899
-945.632
-945.432
-945.418
-944.977
-944.335
-944.314
-943.833
-943.743
-943.549
-943.095
-942.999
-942.832
-942.775
-942.69
-942.486
-941.979
-941.921
-941.721
-941.611
-941.445
-941.274
-941.048
-940.886
-940.863
-940.781
-940.567
-940.508
-940.505
-940.466
-940.413
-940.261
-940.1
-940.037
-939.87
-939.665
-939.352
-939.148
-939.105
-938.99
-938.953
-938.749
-938.733
-938.594
-938.073
-937.461
-936.908
-936.787
-936.701
-936.694
-936.306
-936.109
-935.992
-935.986
-935.924
-935.904
-935.632
-935.325
-935.301
-935.28
-934.75
-934.53
-934.326
-934.215
-934.073
-933.921
-933.819
-933.704
-933.482
-933.299
-931.947
-931.714
-931.702
-931.634
-931.386
-931.239
-931.025
-930.808
-930.789
-930.567
-929.972
-929.922
-929.893
-929.158
-929.115
-929.101
-929.034
-928.961
-928.946
-928.859
-928.667
-928.507
-928.465
-928.37
-928.305
-928.214
-928.209
-928.206
-928.139
-928.137
-927.345
-927.022
-927.008
-926.968
-926.954
-926.848
-926.652
-926.608
-926.365
-925.63
-925.59
-925.307
-925.187
-924.852
-924.684
-924.414
-924.336
-924.136
-923.928
-923.69
-923.56
-923.543
-923.509
-923.47
-923.237
-923.232
-922.995
-921.935
-921.73
-921.648
-921.439
-920.958
-920.895
-920.671
-920.566
-920.505
-920.427
-919.826
-919.576
-919.519
-919.315
-919.263
-919.043
-918.803
-918.488
-918.271
-918.115
-917.448
-917.007
-916.715
-916.703
-916.644
-916.257
-915.805
-915.751
-915.714
-915.706
-915.655
-915.651
-915.139
-914.848
-914.817
-914.122
-914.091
-913.834
-913.555
-913.242
-913.211
-913.171
-912.969
-912.769
-912.743
-912.509
-912.365
-912.312
-912.217
-912.169
-912.045
-911.852
-911.83
-911.661
-911.54
-911.276
-911.268
-910.866
-910.837
-910.622
-910.602
-910.598
-910.541
-910.408
-910.018
-909.924
-909.885
-909.723
-909.509
-909.441
-909.092
-908.234
-908.129
-908.022
-907.762
-907.67
-907.316
-907.27
-906.975
-906.305
-905.94
-905.868
-905.652
-905.635
-905.002
-904.824
-904.533
-904.516
-904.185
-904.037
-903.992
-903.308
-903.303
-903.12
-903.001
-902.937
-902.883
-902.722
-902.629
-902.523
-902.517
-902.431
-902.348
-902.05
-901.675
-901.653
-901.468
-901.112
-901.054
-900.934
-900.366
-900.134
-899.664
-899.648
-899.491
-899.473
-899.119
-899.105
-899.067
-898.996
-898.822
-898.81
-898.067
-898.037
-897.585
-897.58
-897.566
-897.424
-897.237
-896.983
-896.815
-896.785
-896.698
-896.63
-896.58
-896.468
-896.303
-896.262
-896.122
-895.979
-895.665
-895.296
-895.202
-895.023
-894.941
-894.209
-894.147
-894.046
-893.919
-893.853
-893.65
-893.639
-893.155
-893.121
-892.933
-892.898
-892.818
-892.773
-892.705
-892.434
-892.095
-891.936
-891.885
-891.795
-891.674
-891.572
-891.125
-890.935
-890.651
-890.005
-889.227
-889.179
-889.143
-888.886
-888.71
-888.641
-888.46
-888.042
-887.956
-887.749
-887.554
-887.215
-887.078
-886.926
-886.848
-886.755
-886.284
-886.262
-886.233
-885.892
-885.407
-885.386
-885.257
-885.006
-884.813
-884.75
-884.277
-883.895
-883.875
-883.443
-883.171
-883.119
-883.078
-882.554
-882.486
-882.483
-882.414
-882.279
-882.085
-881.937
-881.913
-881.77
-881.673
-881.405
-881.015
-880.935
-880.4
-880.372
-880.197
-879.689
-879.109
-879.094
-879.082
-879.066
-878.934
-878.808
-878.657
-878.328
-878.088
-877.533
-876.479
-875.981
-875.867
-875.854
-875.523
-874.997
-874.91
-874.652
-874.637
-874.379
-874.374
-874.221
-874.106
-873.831
-873.808
-873.514
-873.33
-873.247
-873.214
-872.953
-872.879
-872.818
-872.535
-871.657
-871.317
-870.825
-870.63
-870.239
-870.046
-869.921
-869.873
-869.742
-869.505
-869.419
-869.151
-868.841
-868.756
-868.631
-868.299
-868.18
-867.979
-867.892
-867.183
-867.165
-866.677
-866.654
-865.788
-865.413
-865.36
-865.192
-865.137
-865.075
-865.022
-864.869
-864.784
-864.686
-864.608
-864.25
-864.189
-863.941
-863.779
-863.53
-863.106
-863.057
-862.542
-862.373
-861.964
-861.961
-861.772
-861.724
-861.644
-860.489
-860.223
-860.187
-860.112
-860.08
-859.975
-859.927
-859.82
-859.773
-859.677
-859.512
-859.498
-859.195
-858.926
-858.886
-858.453
-858.383
-858.381
-857.65
-857.356
-857.144
-856.721
-855.611
-855.603
-855.589
-855.499
-855.342
-855.237
-855.216
-854.91
-854.677
-854.671
-854.46
-854.457
-853.858
-853.689
-853.552
-853.529
-853
-852.724
-852.568
-852.502
-852.352
-851.885
-851.678
-851.663
-851.479
-851.084
-850.989
-850.94
-850.759
-850.749
-850.672
-850.322
-850.06
-849.612
-849.198
-848.75
-848.49
-848.181
-847.674
-847.363
-847.015
-846.493
-846.093
-846.011
-845.942
-845.421
-844.865
-844.72
-844.67
-844.126
-844.064
-844.064
-843.731
-843.536
-843.518
-843.484
-843.146
-843.083
-842.52
-842.357
-842.053
-841.966
-841.753
-841.439
-841.002
-840.716
-839.728
-839.669
-839.232
-839.189
-838.409
-837.711
-837.666
-837.47
-837.445
-837.277
-837.117
-836.944
-836.834
-836.717
-836.597
-836.531
-836.435
-836.253
-835.755
-835.644
-835.34
-835.222
-834.865
-834.846
-834.804
-834.728
-834.555
-834.164
-834.16
-833.466
-832.841
-832.446
-832.412
-832.166
-831.726
-831.683
-831.631
-831.421
-831.256
-831.22
-831.178
-831.057
-830.574
-830.113
-829.731
-829.47
-829.021
-828.902
-828.338
-828.296
-827.988
-827.897
-827.888
-827.331
-826.808
-826.76
-826.657
-826.497
-826.409
-826.087
-825.692
-825.482
-825.324
-824.87
-824.722
-824.713
-824.436
-824.381
-824.33
-824.166
-824.138
-823.925
-823.74
-823.599
-823.466
-823.443
-822.943
-822.924
-822.273
-822.098
-821.981
-821.678
-821.632
-821.494
-821.316
-821.141
-821.094
-820.782
-820.721
-820.69
-820.658
-820.61
-820.522
-820.211
-820.21
-820.173
-819.824
-819.78
-819.741
-819.476
-819.37
-819.264
-818.9
-818.872
-817.814
-817.703
-817.66
-817.499
-817.473
-817.457
-817.372
-817.195
-816.709
-816.43
-816.271
-816.218
-816.152
-816.015
-815.943
-815.566
-815.021
-815.013
-814.848
-814.686
-814.283
-814.116
-813.725
-813.268
-813.183
-813.176
-813.039
-812.939
-812.807
-812.604
-812.52
-812.482
-812.441
-812.425
-812.42
-812.372
-812.161
-811.855
-811.845
-811.467
-811.459
-811.36
-811.195
-810.913
-810.616
-810.542
-810.425
-810.304
-810.283
-810.184
-810.154
-809.915
-809.644
-809.611
-809.601
-809.43
-809.318
-808.747
-808.591
-808.145
-807.685
-807.192
-807.009
-806.835
-806.796
-806.791
-806.637
-806.567
-806.466
-805.734
-805.24
-805.045
-805.019
-804.963
-804.913
-804.74
-804.558
-804.405
-804.274
-803.968
-803.885
-803.47
-803.381
-802.635
-802.557
-802.483
-802.325
-802.285
-802.234
-802.178
-802.067
-801.769
-801.7
-801.634
-801.556
-801.505
-801.485
-801.43
-801.367
-801.091
-801.074
-800.893
-800.881
-800.741
-800.733
-800.72
-800.306
-800.257
-800.205
-799.879
-799.595
-799.573
-799.447
-799.312
-798.629
-798.581
-798.519
-798.286
-798.176
-797.893
-797.758
-797.753
-797.586
-797.247
-797.109
-797.092
-797.055
-797.049
-797.039
-796.985
-796.754
-796.74
-796.626
-796.529
-796.437
-796.375
-796.279
-796.218
-796.148
-796.11
-796.094
-795.903
-795.539
-795.533
-795.521
-795.388
-795.25
-795.165
-795.131
-795.114
-795.043
-794.846
-794.634
-794.621
-794.545
-793.905
-793.658
-793.552
-793.513
-793.282
-793.22
-792.735
-792.498
-792.313
-792.136
-791.652
-791.338
-791.299
-791.225
-791.124
-790.415
-790.236
-789.868
-789.337
-788.851
-788.847
-788.526
-788.455
-788.246
-788.168
-787.925
-787.456
-787.45
-787.293
-787.218
-787.008
-786.587
-786.217
-786.071
-786.063
-785.539
-784.966
-784.774
-784.523
-784.303
-784.299
-783.899
-783.837
-783.199
-783.029
-782.785
-782.734
-782.43
-782.382
-782.355
-782.344
-782.344
-781.826
-781.779
-781.533
-781.531
-781.431
-781.326
-781.311
-781.042
-780.951
-780.579
-780.535
-780.491
-780.445
-780.09
-780.023
-779.996
-779.928
-779.817
-779.634
-779.403
-779.161
-779.146
-779.022
-777.763
-777.449
-777.339
-777.192
-777.128
-776.874
-776.683
-776.614
-776.592
-776.583
-776.397
-776.395
-776.237
-775.687
-775.589
-775.302
-775.258
-774.835
-774.704
-774.538
-774.529
-774.491
-774.178
-774.124
-774.071
-774.024
-774.005
-773.615
-773.585
-773.503
-773.453
-773.439
-773.275
-773.101
-773.057
-772.971
-772.939
-772.318
-772.196
-771.959
-771.891
-771.845
-771.602
-771.567
-771.47
-771.369
-771.311
-771.082
-770.812
-770.673
-770.664
-770.429
-769.952
-769.444
-769.172
-769.119
-768.859
-768.509
-768.497
-768.423
-768.151
-767.775
-767.727
-767.612
-767.085
-767.071
-766.984
-766.797
-766.011
-765.958
-765.918
-765.459
-764.835
-764.661
-764.544
-764.335
-764.155
-763.765
-763.747
-763.565
-763.205
-762.902
-762.606
-762.531
-762.46
-762.356
-762.353
-762.103
-761.777
-761.706
-761.552
-761.242
-760.885
-760.832
-760.813
-760.641
-760.497
-760.072
-760.021
-759.62
-759.598
-759.515
-759.365
-759.259
-759.256
-758.84
-758.662
-758.508
-758.487
-758.466
-758.428
-758.332
-757.714
-757.491
-757.482
-757.379
-757.363
-756.589
-755.974
-755.931
-755.897
-755.828
-755.715
-755.566
-755.348
-755.022
-754.91
-754.672
-754.404
-754.307
-753.852
-753.852
-753.839
-752.61
-752.325
-752.061
-751.793
-751.773
-751.703
-751.527
-751.42
-750.951
-750.104
-749.45
-749.339
-749.134
-749.125
-749.101
-749.063
-749.05
-748.944
-748.653
-747.978
-747.968
-747.906
-747.849
-747.84
-747.556
-747.364
-746.842
-746.662
-746.562
-746.39
-746.375
-744.817
-744.516
-744.515
-744.448
-744.161
-743.129
-742.752
-742.216
-741.777
-741.721
-741.703
-741.307
-741.144
-741.038
-740.915
-740.673
-740.614
-740.525
-740.419
-740.223
-740.048
-739.97
-739.857
-739.67
-738.751
-738.571
-738.418
-738.322
-738.316
-738.099
-738.041
-737.512
-737.511
-737.16
-737.058
-736.878
-736.693
-736.65
-736.596
-736
-735.4
-735.391
-735.2
-734.955
-734.885
-734.849
-734.667
-734.327
-734.244
-733.937
-733.906
-733.804
-733.8
-733.791
-733.744
-733.695
-733.372
-733.347
-733.25
-733.224
-732.977
-732.904
-732.726
-732.683
-732.657
-732.453
-732.353
-732.169
-731.863
-731.437
-731.339
-731.06
-730.98
-730.697
-730.471
-730.354
-730.195
-729.987
-729.382
-728.911
-728.87
-728.827
-728.589
-728.518
-728.25
-728.103
-727.851
-727.786
-727.659
-727.5
-727.208
-726.088
-726.076
-726.05
-726.04
-725.764
-725.537
-725.415
-725.272
-725.094
-724.254
-724.252
-723.836
-723.799
-723.773
-723.734
-723.676
-723.523
-723.102
-722.921
-722.891
-722.881
-722.84
-722.665
-722.633
-722.61
-722.56
-722.349
-722.31
-722.288
-722.28
-722.117
-721.998
-721.884
-721.866
-721.849
-721.657
-721.567
-721.557
-721.286
-721.222
-721.025
-720.722
-720.599
-720.39
-720.372
-720.096
-719.933
-719.899
-719.84
-719.324
-719.302
-718.931
-718.856
-718.632
-718.517
-718.17
-717.996
-717.898
-717.869
-717.864
-717.629
-717.587
-717.57
-717.482
-716.795
-716.754
-716.557
-716.407
-716.335
-715.763
-715.745
-715.587
-715.55
-715.421
-715.353
-714.991
-714.926
-714.222
-714.102
-713.947
-713.931
-713.81
-713.72
-713.559
-713.552
-713.383
-713.197
-712.915
-712.757
-712.38
-712.365
-712.242
-712.117
-712.036
-711.832
-711.711
-711.688
-711.6
-711.507
-711.202
-711.186
-711.175
-711.064
-711.035
-710.909
-710.88
-710.744
-710.418
-710.388
-710.108
-709.87
-709.83
-709.756
-709.74
-709.687
-709.651
-709.558
-709.491
-709.254
-709.244
-709.067
-708.016
-707.729
-706.856
-706.718
-706.593
-705.876
-705.772
-705.402
-705.289
-705.186
-704.882
-704.68
-704.44
-704.345
-704.015
-703.846
-703.539
-703.537
-703.529
-703.316
-703.231
-703.101
-702.923
-702.671
-702.668
-702.621
-702.578
-702.405
-702.374
-701.919
-701.771
-701.603
-700.817
-700.252
-700.236
-700.073
-699.898
-699.816
-699.802
-699.584
-699.355
-699.246
-699.221
-698.931
-698.585
-698.446
-698.303
-697.95
-697.727
-697.701
-697.54
-696.706
-696.584
-696.27
-695.875
-695.819
-695.697
-695.57
-695.22
-695.173
-695.073
-694.964
-694.78
-694.248
-694.207
-694.166
-693.691
-693.634
-693.546
-693.25
-692.595
-692.192
-692.154
-692.115
-691.717
-691.213
-691.112
-690.579
-690.552
-690.165
-690.147
-690.012
-689.763
-689.596
-689.535
-689.493
-689.422
-689.327
-689.006
-688.626
-688.376
-688.128
-687.846
-687.707
-687.554
-687.512
-687.487
-687.46
-687.436
-687.415
-687.21
-687.135
-686.95
-686.748
-686.676
-686.642
-686.636
-686.397
-686.248
-685.915
-685.722
-685.628
-685.456
-685.45
-685.386
-685.334
-684.891
-684.881
-684.4
-684.386
-684.101
-683.97
-683.592
-683.572
-683.368
-683.18
-682.986
-682.983
-682.826
-682.816
-682.785
-682.615
-682.051
-681.875
-681.787
-681.398
-681.391
-681.351
-680.228
-679.731
-679.699
-679.676
-679.54
-679.503
-679.324
-679.209
-679.206
-679.042
-678.641
-678.475
-678.351
-678.037
-677.961
-677.793
-677.734
-677.564
-677.294
-677.035
-677.013
-676.933
-676.542
-676.096
-676.05
-675.776
-675.265
-674.855
-674.706
-674.487
-674.175
-673.952
-673.885
-673.883
-673.737
-672.914
-672.686
-672.581
-672.408
-672.064
-671.796
-671.606
-671.276
-671.267
-671.23
-671.19
-670.916
-670.767
-670.692
-670.616
-670.606
-670.471
-670.226
-669.97
-669.849
-669.358
-669.304
-669.263
-668.829
-668.401
-668.236
-668.156
-668.131
-668.122
-668.114
-668.052
-667.909
-667.89
-667.812
-667.779
-667.483
-667.168
-666.964
-666.771
-666.601
-666.489
-666.326
-666.091
-666.004
-665.791
-665.669
-665.643
-665.518
-665.466
-665.444
-664.936
-664.9
-664.744
-664.703
-664.679
-663.549
-663.308
-662.445
-662.342
-662.326
-662.121
-661.909
-661.782
-661.647
-661.635
-661.289
-661.271
-661.257
-660.969
-660.876
-660.816
-660.786
-660.78
-660.701
-660.504
-660.359
-660.342
-659.558
-659.264
-659.148
-659.027
-658.744
-658.704
-658.361
-658.286
-658.125
-657.725
-657.23
-657.121
-657.035
-656.928
-656.867
-656.84
-656.744
-655.942
-655.766
-655.668
-655.623
-655.531
-655.064
-654.729
-654.71
-654.708
-654.556
-654.088
-653.929
-653.871
-653.823
-653.752
-653.652
-653.585
-653.544
-653.402
-653.399
-653.254
-653.065
-652.842
-652.842
-652.592
-652.293
-652.277
-652.275
-652.09
-651.901
-651.87
-651.735
-651.729
-651.556
-651.341
-651.028
-650.784
-650.49
-650.34
-650.3
-650.272
-649.683
-649.552
-649.488
-649.315
-649.174
-649.008
-648.9
-648.871
-648.791
-648.674
-648.6
-648.393
-647.987
-647.857
-647.846
-647.649
-647.641
-647.639
-647.579
-647.522
-647.242
-647.181
-646.687
-646.599
-646.18
-646.054
-645.734
-645.631
-645.623
-645.547
-645.36
-645.31
-644.721
-644.392
-644.176
-643.86
-643.855
-643.585
-643.453
-643.372
-643.372
-643.141
-643.133
-642.631
-642.385
-642.28
-642.097
-642.027
-641.816
-641.723
-641.617
-641.563
-641.484
-641.293
-640.281
-640.262
-639.807
-639.754
-639.727
-639.581
-639.255
-639.158
-638.91
-638.511
-638.228
-638.117
-637.889
-637.678
-637.274
-636.573
-636.283
-635.994
-635.976
-635.973
-635.768
-634.888
-634.387
-634.193
-633.662
-633.416
-633.38
-633.001
-632.965
-632.469
-632.398
-632.061
-631.969
-631.949
-631.889
-631.868
-631.44
-630.845
-630.755
-630.68
-630.364
-630.334
-629.835
-629.668
-629.354
-629.27
-628.821
-628.436
-628.026
-627.996
-627.975
-627.943
-627.899
-627.47
-627.09
-627
-626.856
-626.643
-626.099
-626.038
-626.035
-625.363
-624.934
-624.767
-624.614
-623.598
-623.504
-623.07
-623.066
-623.032
-622.815
-622.626
-622.497
-621.873
-621.71
-621.319
-621.224
-621.197
-621.095
-620.982
-620.868
-620.574
-620.498
-619.958
-619.639
-619.496
-619.395
-619.376
-619.176
-618.997
-618.913
-618.582
-618.033
-617.945
-617.777
-617.563
-617.17
-616.979
-616.739
-616.498
-616.456
-616.257
-616.142
-615.916
-615.572
-615.028
-614.887
-614.827
-614.533
-613.565
-613.458
-613.015
-612.95
-612.872
-612.642
-612.251
-611.855
-611.805
-611.617
-611.013
-610.878
-610.105
-609.985
-609.889
-609.729
-609.555
-609.497
-609.327
-609.116
-609.044
-608.95
-608.924
-608.494
-608.337
-608.204
-608.09
-607.93
-607.818
-607.786
-607.182
-607.145
-606.682
-606.563
-605.808
-605.678
-605.677
-605.237
-604.897
-604.782
-604.656
-604.425
-603.959
-603.834
-603.518
-603.36
-603.339
-603.001
-602.544
-602.403
-602.225
-602.135
-602.11
-601.995
-601.6
-600.765
-600.729
-600.552
-600.124
-600.111
-599.717
-599.664
-599.509
-599.295
-599.242
-599.227
-598.708
-598.402
-598.306
-598.137
-598.106
-597.866
-597.489
-597.388
-596.823
-596.7
-596.605
-596.589
-596.203
-596.116
-595.574
-595.535
-595.523
-595.38
-595.347
-595.234
-594.429
-594.425
-594.065
-594.065
-594.046
-593.608
-593.52
-593.392
-593.344
-593.126
-592.904
-592.844
-592.822
-592.565
-592.501
-592.299
-591.692
-591.629
-591.343
-591.3
-591.204
-591.011
-590.962
-590.849
-590.69
-590.681
-590.557
-590.36
-590.14
-589.151
-589.119
-589.109
-588.603
-588.572
-588.382
-588.041
-588.023
-588.014
-587.906
-587.44
-587.158
-586.974
-586.699
-586.224
-586.214
-585.971
-585.708
-585.566
-585.487
-584.807
-584.66
-584.591
-584.575
-584.313
-583.975
-583.779
-583.649
-583.445
-583.302
-581.444
-581.324
-581.235
-580.882
-580.786
-580.536
-580.09
-580.023
-579.669
-579.596
-579.388
-579.116
-578.669
-578.617
-578.387
-578.274
-578.234
-578.159
-577.949
-577.524
-576.96
-576.869
-576.791
-576.428
-576.181
-575.844
-575.788
-575.463
-574.71
-574.526
-574.454
-574.423
-574.382
-574.027
-573.812
-573.756
-573.595
-573.035
-573.021
-572.78
-572.483
-572.397
-572.037
-572.018
-571.722
-571.254
-571.19
-571.156
-571.077
-570.952
-570.817
-570.735
-570.518
-570.405
-570.094
-570.037
-569.933
-569.868
-569.574
-569.528
-568.724
-568.35
-568.292
-568.046
-567.799
-567.731
-567.251
-567.086
-567.03
-566.767
-566.715
-566.585
-566.423
-566.13
-565.951
-565.54
-565.401
-565.364
-565.337
-565.326
-565.308
-565.253
-565.019
-564.368
-564.283
-563.808
-563.739
-563.486
-563.22
-562.994
-562.945
-562.518
-562.485
-561.728
-561.69
-561.642
-561.394
-561.019
-560.691
-560.559
-560.514
-560.424
-560.381
-560.293
-560.216
-560.042
-559.957
-559.905
-559.899
-559.892
-559.888
-559.657
-559.423
-559.142
-559.083
-558.654
-558.643
-558.496
-558.158
-557.981
-557.971
-557.891
-557.744
-557.659
-557.508
-557.105
-557.065
-556.973
-556.927
-556.904
-556.898
-556.826
-556.548
-556.165
-556.069
-555.902
-555.641
-555.551
-554.795
-554.541
-554.373
-554.321
-554.044
-553.696
-553.324
-553.119
-552.78
-552.687
-552.67
-552.282
-551.73
-551.673
-551.634
-551.427
-551.324
-551.169
-550.713
-550.347
-550.291
-549.529
-549.249
-549.206
-549.018
-548.952
-548.754
-548.589
-548.538
-548.528
-548.509
-548.448
-548.088
-547.969
-547.881
-547.877
-547.787
-547.372
-547.039
-546.839
-546.377
-546.267
-546.119
-545.885
-545.878
-545.459
-545.136
-545.035
-544.896
-544.578
-544.494
-544.286
-544.109
-544.096
-544.004
-543.615
-543.235
-542.712
-542.503
-542.064
-541.841
-541.726
-541.62
-541.087
-540.703
-540.696
-540.29
-540.284
-540.218
-540.199
-540.19
-540.156
-540.032
-539.828
-539.723
-539.722
-539.264
-539.141
-539.032
-538.912
-538.838
-538.645
-538.621
-538.463
-538.444
-538.21
-538.052
-538.008
-537.703
-537.669
-537.493
-537.144
-536.698
-536.657
-536.42
-536.388
-536.289
-535.477
-535.402
-535.363
-534.87
-534.64
-534.633
-534.304
-534.099
-533.903
-533.762
-533.606
-533.325
-533.087
-532.886
-532.688
-532.664
-532.533
-532.411
-532.306
-532.217
-532.158
-532.112
-531.117
-530.971
-530.628
-530.578
-530.569
-530.378
-529.905
-529.51
-529.223
-529.13
-529.094
-528.961
-528.933
-528.696
-528.694
-528.122
-527.857
-527.695
-527.593
-527.335
-527.28
-527.25
-527.021
-526.975
-526.938
-526.309
-525.979
-525.367
-525.357
-525.327
-524.308
-523.764
-523.592
-523.559
-523.55
-523.488
-523.44
-523.161
-523.11
-522.689
-522.608
-522.349
-522.253
-521.382
-521.358
-520.67
-520.603
-520.536
-520.447
-520.258
-519.875
-519.78
-519.61
-519.493
-519.024
-518.807
-518.677
-518.634
-518.125
-518.124
-517.17
-517.029
-516.823
-516.548
-515.479
-515.366
-515.045
-514.748
-514.664
-514.226
-514.054
-513.788
-513.515
-513.23
-512.945
-512.511
-512.485
-512.341
-512.19
-511.863
-511.861
-511.816
-511.703
-511.446
-511.346
-511.175
-511.151
-510.641
-510.319
-510.283
-510.073
-510.072
-510.046
-509.438
-509.278
-509.271
-508.941
-508.931
-508.833
-508.697
-508.061
-508.009
-507.858
-507.795
-507.569
-507.566
-507.558
-507.354
-507.232
-507.111
-507.049
-506.857
-506.445
-506.401
-506.08
-506.021
-505.935
-505.664
-505.373
-505.139
-504.93
-504.629
-504.498
-504.469
-504.172
-504.075
-504.027
-503.934
-503.912
-503.75
-503.637
-503.561
-503.485
-503.21
-503.154
-503.091
-503.052
-502.993
-502.5
-502.016
-501.568
-501.476
-501.465
-500.946
-500.779
-500.476
-500.328
-499.895
-499.579
-499.396
-499.36
-499.277
-499.249
-498.949
-498.752
-498.626
-498.377
-497.538
-497.373
-497.303
-497.022
-496.782
-496.732
-496.437
-496.387
-496.335
-496.078
-496.052
-495.895
-495.559
-495.426
-495.308
-495.288
-495.139
-494.931
-494.789
-494.334
-494.23
-494.194
-494.062
-493.988
-493.864
-493.665
-493.56
-493.448
-493.439
-492.875
-492.39
-492.345
-492.131
-492.11
-491.592
-491.237
-491.219
-491.135
-491.031
-490.977
-490.867
-490.781
-490.779
-490.187
-490.057
-489.847
-489.826
-489.762
-489.59
-489.161
-488.343
-487.898
-487.835
-487.691
-487.544
-487.505
-487.023
-486.941
-486.833
-486.653
-486.215
-486.062
-485.632
-485.469
-485.347
-485.332
-485.153
-485.062
-484.829
-484.677
-484.526
-484.443
-484.423
-484.123
-483.777
-483.608
-483.486
-483.29
-483.263
-483.174
-483.023
-482.93
-482.813
-482.483
-482.238
-482.188
-481.996
-481.606
-481.526
-481.31
-481.219
-481.077
-480.445
-480.435
-480.326
-480.147
-480.146
-479.94
-479.11
-479.006
-478.338
-478.163
-478.074
-478.063
-477.797
-477.678
-477.605
-477.599
-477.116
-476.859
-476.842
-476.689
-476.233
-476.228
-475.829
-475.564
-475.259
-475.123
-474.431
-473.673
-472.804
-472.767
-472.637
-472.482
-471.656
-471.602
-471.317
-471.001
-470.964
-470.95
-470.895
-470.752
-470.702
-470.647
-470.511
-470.415
-469.077
-468.922
-468.834
-468.363
-468.304
-468.197
-467.904
-467.612
-467.398
-467.16
-467.09
-466.801
-466.76
-466.669
-466.588
-466.24
-465.978
-465.912
-465.834
-465.731
-465.606
-465.503
-465.395
-464.865
-464.843
-464.785
-464.777
-464.751
-464.576
-463.954
-463.833
-463.615
-463.422
-463.298
-463.259
-463.04
-462.883
-462.788
-462.632
-462.407
-462.305
-462.22
-462.04
-461.955
-461.534
-461.521
-460.964
-460.959
-460.738
-460.609
-460.469
-459.705
-459.693
-459.583
-459.359
-459.052
-458.859
-458.807
-458.656
-458.626
-458.586
-458.565
-458.443
-458.395
-457.835
-457.796
-457.72
-457.586
-457.492
-457.064
-457.059
-456.655
-456.3
-456.119
-455.899
-455.828
-455.781
-455.734
-455.639
-455.621
-455.544
-455.251
-454.776
-454.529
-454.493
-454.026
-453.699
-453.396
-452.846
-452.725
-452.538
-452.178
-452.144
-451.614
-451.483
-451.329
-451.166
-450.667
-450.299
-450.207
-449.847
-449.725
-449.296
-449.169
-448.801
-448.568
-448.232
-448.206
-448.135
-448.095
-448.047
-447.927
-447.838
-447.812
-447.76
-447.619
-447.531
-447.422
-447.415
-447.315
-447.313
-446.563
-445.573
-445.509
-445.454
-444.773
-444.451
-444.293
-444.254
-444.215
-443.991
-443.775
-443.755
-443.671
-443.109
-442.875
-442.282
-442.079
-441.949
-441.645
-441.298
-441.237
-440.802
-440.443
-440.172
-440.109
-439.916
-439.906
-439.801
-439.625
-439.48
-439.371
-439.066
-438.844
-438.814
-438.359
-438.298
-438.148
-438.121
-437.881
-437.483
-437.378
-437.286
-437.236
-437.198
-436.951
-436.943
-436.706
-436.627
-436.599
-436.578
-436.31
-436.159
-435.969
-435.928
-435.679
-435.442
-435.432
-435.409
-435.165
-434.935
-434.906
-434.806
-434.533
-434.331
-434.178
-434.102
-433.874
-433.723
-433.65
-433.371
-433.358
-433.216
-433.111
-433.042
-432.98
-432.962
-432.916
-432.815
-432.166
-431.587
-431.44
-431.421
-431.413
-431.382
-431.368
-431.292
-430.252
-429.841
-429.702
-429.643
-429.574
-429.317
-429.271
-429.204
-429.107
-428.978
-428.915
-428.822
-428.709
-428.4
-428.231
-428.108
-427.851
-427.847
-427.822
-427.76
-427.562
-427.359
-427.255
-427.23
-427.168
-426.845
-426.349
-426.183
-426.072
-425.638
-425.621
-425.417
-424.992
-424.836
-424.527
-424.458
-424.21
-424.06
-423.461
-423.445
-423.348
-423.241
-423.147
-423.063
-422.497
-422.476
-422.444
-422.087
-421.829
-421.606
-421.262
-421.13
-421.106
-421.103
-420.965
-419.917
-419.792
-419.277
-419.154
-419.127
-418.973
-418.442
-418.401
-418.343
-417.907
-417.893
-417.886
-417.777
-417.655
-417.624
-417.257
-417.245
-417.18
-417.137
-417.049
-416.863
-416.793
-416.394
-415.918
-415.874
-415.692
-415.667
-415.585
-415.137
-415.014
-414.966
-414.889
-414.606
-414.367
-414.229
-414.222
-413.969
-413.967
-413.791
-413.657
-413.645
-413.575
-412.832
-412.667
-412.644
-412.303
-412.018
-411.887
-411.828
-411.812
-411.679
-411.647
-411.595
-411.392
-410.969
-410.797
-410.502
-410.487
-410.447
-410.291
-410.198
-409.543
-409.381
-409.192
-408.217
-407.937
-407.935
-407.257
-407.119
-406.828
-406.796
-406.587
-406.339
-406.286
-406.04
-405.867
-405.728
-405.675
-405.628
-405.423
-405.271
-405.256
-405.248
-404.756
-404.618
-404.303
-404.175
-404.134
-404.089
-403.734
-403.505
-403.314
-403.306
-403.29
-402.723
-402.612
-402.603
-402.526
-402.194
-401.986
-401.875
-401.842
-401.6
-401.238
-401.191
-401.011
-400.675
-400.45
-400.368
-399.814
-399.691
-399.451
-399.108
-399.097
-399.05
-398.408
-398.348
-398.279
-398.131
-398.043
-397.662
-397.614
-397.598
-397.317
-397.203
-397.133
-397.079
-397.025
-396.761
-396.586
-396.538
-396.474
-396.19
-396.042
-396.006
-395.82
-395.55
-395.506
-395.421
-395.104
-394.84
-394.802
-394.798
-394.416
-394.289
-394.144
-393.901
-393.831
-393.534
-393.492
-393.089
-392.994
-392.822
-392.726
-392.342
-392.322
-391.9
-391.849
-391.429
-391.41
-391.254
-391.106
-390.877
-390.53
-390.455
-390.259
-390.143
-390.089
-389.84
-389.522
-389.491
-389.374
-389.221
-389.184
-388.881
-388.461
-388.339
-388.255
-388.025
-388.001
-387.981
-387.869
-387.51
-387.195
-386.759
-386.456
-386.331
-386.276
-386.195
-385.935
-385.877
-385.663
-385.509
-385.267
-385.084
-385.007
-384.936
-384.64
-384.474
-384.453
-384.446
-384.058
-383.813
-383.766
-383.687
-383.506
-383.33
-383.251
-383.19
-382.965
-382.451
-382.448
-382.326
-382.137
-381.887
-381.805
-381.685
-381.549
-381.529
-381.316
-381.134
-380.722
-380.458
-380.078
-380.037
-380.025
-379.797
-379.553
-379.435
-379.136
-378.42
-378.346
-378.153
-378.111
-377.951
-377.717
-376.795
-376.354
-376.099
-375.932
-375.783
-375.76
-375.635
-375.611
-375.418
-375.313
-375.019
-374.709
-374.555
-374.143
-374.121
-374.021
-373.983
-373.781
-373.744
-373.652
-373.626
-373.541
-373.516
-373.483
-373.358
-372.921
-372.88
-372.824
-372.642
-372.23
-372.207
-371.914
-371.891
-371.616
-371.551
-371.491
-371.207
-371.097
-370.447
-370.254
-369.567
-369.375
-369.325
-369.11
-368.684
-368.558
-368.494
-367.817
-367.734
-366.694
-366.397
-366.266
-366.231
-366.209
-366.11
-366.03
-365.999
-365.922
-365.836
-365.696
-365.588
-365.354
-365.138
-364.905
-364.793
-364.666
-364.438
-364.205
-364.152
-363.999
-363.93
-363.929
-363.9
-363.759
-363.618
-363.405
-362.943
-362.872
-362.607
-362.32
-362.31
-362.301
-362.171
-362.07
-361.838
-361.532
-361.382
-361.243
-360.448
-360.432
-360.308
-360.206
-359.979
-359.71
-359.641
-359.548
-359.384
-358.926
-358.456
-358.287
-358.174
-357.907
-357.734
-357.657
-357.633
-357.626
-357.284
-357.045
-356.948
-356.532
-356.44
-356.199
-356.036
-355.966
-355.961
-355.861
-355.668
-355.182
-355.171
-355.098
-354.74
-354.61
-354.218
-354.081
-353.842
-353.795
-353.787
-353.489
-353.065
-353.002
-352.49
-352.297
-352.282
-352.034
-351.972
-351.807
-351.095
-351.005
-350.917
-350.817
-350.386
-350.252
-350.078
-349.646
-349.6
-349.588
-349.028
-348.964
-348.577
-348.282
-347.973
-347.806
-347.39
-347.165
-347.084
-346.64
-346.458
-346.391
-346.264
-346.252
-345.832
-345.779
-345.756
-345.632
-345.435
-344.95
-344.768
-344.748
-344.547
-344.39
-344.15
-343.923
-343.44
-343.251
-342.854
-342.811
-342.464
-342.446
-342.176
-341.83
-341.43
-341.383
-341.37
-341.317
-340.876
-340.777
-340.716
-340.629
-340.217
-340.211
-340.052
-339.732
-339.54
-339.46
-339.326
-339.128
-339.049
-338.707
-338.598
-338.561
-338.545
-338.229
-337.934
-337.905
-337.228
-337.042
-336.308
-336.279
-336.166
-336.127
-336.061
-335.963
-335.786
-335.636
-335.524
-335.372
-334.989
-334.686
-334.588
-334.216
-334.157
-333.832
-333.669
-333.595
-333.567
-333.312
-333.194
-333.111
-333.017
-332.934
-332.917
-332.862
-332.814
-332.336
-332.311
-332.286
-332.211
-331.968
-331.648
-331.523
-331.397
-331.335
-331.182
-331.168
-331.15
-331.054
-331.004
-330.831
-330.823
-330.788
-330.713
-330.346
-330.291
-330.187
-330.148
-330.126
-330.057
-329.825
-329.715
-329.612
-329.554
-329.425
-329.373
-328.956
-328.897
-328.73
-328.633
-328.575
-327.833
-327.671
-327.378
-327.364
-327.298
-327.137
-326.995
-326.804
-326.616
-326.239
-326.065
-325.699
-325.585
-325.497
-324.063
-323.895
-323.69
-323.601
-323.514
-323.479
-323.287
-323.148
-323.061
-322.895
-322.562
-322.437
-322.143
-321.885
-321.858
-321.224
-320.844
-320.796
-320.754
-320.682
-320.536
-320.518
-320.16
-320.059
-319.949
-319.884
-319.496
-319.462
-319.359
-318.704
-318.671
-318.371
-318.302
-318.227
-318.099
-317.735
-317.489
-317.477
-317.291
-317.035
-316.921
-316.755
-316.612
-316.47
-315.899
-315.855
-315.782
-315.732
-315.526
-315.476
-315.449
-315.326
-315.32
-315.297
-314.803
-314.695
-314.678
-314.605
-314.593
-314.53
-314.474
-314.198
-314.099
-314.005
-313.941
-313.94
-313.566
-313.549
-313.467
-313.465
-313.459
-313.073
-313.006
-312.96
-312.579
-312.317
-312.094
-312.081
-312.019
-311.828
-311.689
-311.498
-311.396
-311.391
-310.535
-310.114
-310.1
-309.357
-309.295
-308.998
-308.833
-308.494
-308.271
-308.075
-307.748
-307.351
-306.714
-306.308
-306.219
-305.768
-305.607
-305.427
-305.36
-304.908
-304.774
-304.726
-304.508
-304.371
-304.265
-303.997
-303.509
-303.386
-303.323
-303.241
-302.969
-302.94
-302.89
-302.784
-302.674
-302.56
-302.403
-302.371
-302.237
-302.214
-301.948
-301.642
-301.479
-301.352
-301.274
-300.921
-300.875
-300.574
-300.504
-300.438
-300.339
-299.916
-299.839
-299.62
-299.585
-299.474
-299.28
-299.242
-298.989
-298.946
-298.863
-298.198
-297.82
-297.783
-297.666
-297.596
-297.32
-296.886
-296.875
-296.405
-296.361
-296.297
-296.043
-295.492
-295.213
-295.152
-295.083
-294.987
-294.729
-294.158
-294.103
-294.03
-293.756
-293.611
-293.297
-292.968
-292.831
-292.196
-292.163
-292.001
-291.903
-291.652
-291.559
-291.415
-291.065
-291.064
-291.014
-290.507
-290.458
-290.332
-289.429
-289.303
-289.263
-289.226
-289.081
-288.984
-288.826
-288.752
-288.3
-288.167
-287.676
-287.288
-287.234
-287.057
-286.603
-286.4
-286.115
-286.114
-286.112
-285.614
-285.38
-284.564
-284.412
-283.529
-283.346
-282.545
-282.469
-282.437
-282.35
-282.105
-281.809
-281.507
-281.118
-280.592
-280.533
-280.506
-280.432
-280.428
-280.181
-280.116
-280.033
-279.833
-279.79
-279.671
-279.616
-279.391
-279.309
-279.115
-278.859
-278.779
-278.717
-278.191
-278.172
-278.137
-278.047
-277.836
-277.763
-277.48
-276.827
-276.805
-276.798
-276.713
-276.475
-276.237
-276.166
-276.016
-276.013
-275.771
-275.691
-275.669
-275.591
-275.397
-275.366
-274.985
-273.491
-273.152
-273.007
-272.803
-272.643
-272.545
-272.441
-271.62
-271.118
-271.043
-270.936
-270.843
-270.611
-270.431
-270.413
-269.794
-269.725
-269.265
-268.94
-268.496
-268.059
-267.969
-267.944
-267.904
-266.976
-266.969
-266.552
-266.546
-266.434
-266.424
-266.407
-265.944
-265.763
-265.731
-265.64
-264.838
-264.632
-264.444
-264.158
-263.987
-263.984
-263.927
-263.87
-263.838
-263.617
-263.404
-263.306
-263.124
-263.09
-262.955
-262.673
-262.59
-262.235
-262.04
-262.03
-261.249
-261.044
-260.415
-260.109
-259.441
-258.705
-258.667
-258.54
-258.342
-258.283
-258.271
-258.174
-258.049
-257.935
-257.887
-257.719
-257.415
-255.97
-255.932
-255.865
-255.552
-255.151
-255.093
-254.88
-254.505
-253.998
-253.583
-252.888
-252.878
-252.671
-252.587
-251.598
-251.174
-250.473
-250.253
-250.051
-250.029
-250.025
-250.017
-249.904
-249.738
-249.586
-249.275
-249.19
-248.872
-248.761
-248.551
-248.526
-248.358
-248.326
-248.129
-248.125
-247.613
-247.613
-247.418
-247.338
-246.913
-246.856
-246.842
-246.738
-246.104
-245.659
-245.246
-244.807
-244.714
-244.324
-244.224
-244.189
-244.006
-243.821
-243.755
-243.369
-243.244
-243.208
-242.681
-242.579
-242.402
-242.283
-242.068
-241.978
-241.459
-241.297
-240.719
-240.427
-240.403
-240.251
-240.172
-239.571
-239.448
-239.422
-239.37
-239.273
-239.131
-238.911
-238.767
-238.66
-238.576
-238.497
-238.25
-237.945
-237.627
-236.795
-236.689
-236.664
-236.476
-236.225
-236.145
-235.666
-235.542
-235.087
-234.744
-234.466
-234.388
-234.222
-234.208
-234.169
-234.013
-233.986
-233.973
-233.738
-233.623
-233.512
-233.43
-233.15
-232.995
-232.975
-232.933
-232.453
-232.389
-232.336
-232.158
-231.917
-231.877
-231.841
-231.603
-231.488
-231.368
-231.249
-231.096
-230.982
-230.922
-230.851
-230.734
-230.683
-230.411
-230.13
-229.998
-229.437
-229.245
-229.072
-228.983
-228.948
-228.565
-228.504
-228.409
-227.948
-227.881
-227.823
-227.75
-227.438
-227.403
-227.212
-226.661
-226.144
-225.993
-225.978
-225.866
-225.455
-225.438
-225.367
-225.355
-225.329
-225.304
-225.067
-224.845
-224.026
-224.008
-223.963
-223.962
-223.784
-223.624
-222.876
-222.812
-222.325
-221.612
-220.993
-220.667
-220.593
-220.224
-219.899
-219.704
-219.422
-219.229
-219.155
-218.868
-218.689
-218.224
-218.17
-218.076
-217.644
-217.189
-217.024
-216.62
-216.417
-216.248
-215.98
-215.71
-215.642
-215.624
-215.299
-215.202
-214.989
-214.852
-214.727
-214.069
-213.915
-213.805
-213.778
-213.771
-213.747
-213.665
-213.645
-212.735
-212.543
-212.508
-212.5
-212.445
-212.144
-212.113
-212.103
-211.848
-211.522
-211.48
-211.346
-211.345
-211.234
-211.223
-211.067
-210.987
-210.957
-210.895
-210.317
-210.316
-210.282
-209.971
-209.44
-209.396
-209.368
-208.94
-208.935
-208.929
-208.918
-208.766
-208.632
-208.491
-208.392
-208.234
-208.024
-208.02
-207.91
-207.818
-207.644
-207.637
-206.72
-206.432
-206.196
-206.011
-205.73
-205.366
-204.749
-204.606
-204.506
-204.304
-204.252
-203.636
-203.421
-203.127
-202.965
-202.781
-202.605
-202.449
-202.409
-201.875
-201.4
-201.387
-201.161
-201.109
-200.815
-200.153
-199.905
-199.704
-199.543
-199.523
-198.928
-198.582
-198.111
-198.029
-197.9
-197.625
-197.455
-197.436
-197.387
-197.35
-196.969
-196.853
-196.85
-196.341
-196.326
-196.228
-196.194
-195.941
-195.794
-195.693
-195.626
-195.472
-195.421
-195.242
-194.921
-194.769
-194.272
-193.81
-193.619
-193.618
-193.525
-193.348
-193.139
-193.119
-193.106
-193.059
-192.919
-192.771
-192.295
-192.279
-192.172
-192.165
-191.932
-191.728
-191.358
-191.193
-190.922
-190.288
-190.272
-190.089
-189.923
-189.823
-189.805
-189.567
-189.465
-189.399
-189.077
-188.962
-188.924
-188.889
-188.523
-188.512
-188.428
-188.424
-188.165
-187.553
-186.77
-186.467
-186.296
-186.212
-185.825
-185.757
-185.553
-184.818
-184.654
-184.424
-184.221
-184.126
-184.082
-183.813
-183.736
-183.172
-183.166
-182.426
-182.251
-182.054
-182.044
-181.575
-181.566
-181.519
-181.281
-181.021
-180.731
-180.627
-180.361
-180.24
-180.166
-179.977
-179.949
-179.556
-179.468
-179.069
-178.699
-178.44
-178.424
-178.328
-178.139
-178.038
-177.54
-177.514
-177.268
-177.247
-177.072
-176.97
-176.898
-176.572
-176.47
-175.418
-175.387
-175.207
-175.112
-175.035
-174.31
-174.032
-173.844
-173.838
-173.557
-173.355
-173.157
-172.969
-172.934
-172.57
-172.536
-172.377
-172.212
-172.142
-172.068
-172.033
-171.965
-171.901
-171.559
-171.519
-171.122
-171.066
-171.027
-171.014
-170.558
-170.253
-169.727
-169.699
-169.617
-169.602
-168.948
-168.884
-168.603
-168.587
-168.097
-168.018
-167.915
-167.749
-167.618
-167.481
-167.471
-167.261
-166.997
-166.823
-166.781
-166.588
-166.499
-166.25
-166.08
-165.898
-165.77
-165.653
-165.374
-165.368
-165.021
-164.83
-164.673
-164.106
-163.716
-162.951
-162.43
-162.357
-162.151
-161.721
-161.712
-161.619
-161.559
-161.317
-160.996
-160.957
-160.752
-160.681
-160.504
-160.429
-159.69
-159.564
-159.142
-159.025
-158.426
-158.134
-157.403
-157.218
-157.117
-156.32
-156.051
-155.989
-155.204
-154.919
-153.581
-153.317
-153.25
-153.244
-153.01
-152.471
-152.454
-152.447
-152.077
-152.067
-152.037
-151.34
-151.149
-150.985
-150.561
-150.453
-150.183
-150.01
-149.857
-149.279
-149.071
-149.007
-148.68
-148.349
-148.25
-148.234
-148.212
-148.151
-148.136
-147.601
-147.442
-147.22
-147.177
-147.154
-147.008
-146.918
-146.891
-146.582
-146.193
-145.909
-145.513
-145.409
-145.389
-145.345
-145.336
-145.27
-145.246
-145.119
-144.596
-144.182
-144.001
-143.936
-143.915
-143.589
-143.383
-142.677
-142.559
-141.754
-141.739
-141.636
-141.417
-141.223
-140.773
-140.573
-140.497
-140.346
-140.034
-139.413
-139.197
-138.737
-138.711
-138.676
-138.328
-138.194
-137.823
-137.606
-137.568
-137.185
-136.955
-136.632
-136.313
-136.209
-136.165
-136.093
-135.839
-135.802
-135.707
-135.68
-135.643
-135.602
-135.361
-135.297
-135.272
-135.236
-135.12
-135.097
-134.857
-134.744
-134.575
-134.254
-134.072
-133.977
-133.772
-133.54
-133.362
-133.339
-132.625
-132.483
-132.284
-131.983
-131.899
-131.851
-131.447
-131.204
-130.992
-130.973
-130.52
-130.356
-129.688
-129.687
-129.583
-129.568
-129.497
-129.2
-128.825
-128.402
-128.386
-127.703
-127.341
-127.006
-126.83
-126.581
-126.487
-126.281
-126.1
-125.317
-125.22
-125.103
-125.014
-124.931
-124.862
-124.844
-124.725
-124.717
-124.666
-124.353
-124.144
-124.117
-124.107
-123.91
-123.516
-123.507
-123.482
-123.476
-123.296
-123.15
-122.876
-122.802
-122.477
-122.152
-122.121
-122.019
-121.861
-121.655
-121.585
-121.324
-121.168
-121.101
-120.88
-120.79
-120.747
-120.742
-120.741
-120.639
-120.481
-120.378
-119.791
-119.708
-119.687
-119.566
-119.083
-118.52
-118.374
-118.131
-117.902
-117.179
-117.177
-117.144
-117.059
-117.007
-116.755
-116.429
-116.397
-115.444
-115.207
-114.88
-114.72
-114.67
-114.519
-114.423
-114.139
-114.09
-113.915
-113.578
-113.412
-113.37
-113.322
-113.21
-112.806
-112.678
-112.307
-112.265
-112.076
-111.999
-111.805
-111.8
-111.587
-111.311
-111.301
-111.242
-111.088
-110.636
-109.934
-109.843
-109.77
-109.672
-109.531
-108.934
-108.667
-108.414
-108.327
-108.128
-108.063
-107.911
-107.892
-107.571
-107.216
-107.027
-106.915
-106.784
-106.757
-106.711
-106.702
-106.675
-106.548
-106.515
-106.248
-105.933
-105.862
-105.755
-105.526
-104.873
-104.749
-104.396
-104.037
-103.542
-103.355
-103.154
-102.917
-102.837
-102.759
-102.238
-101.959
-101.79
-101.318
-101.221
-101.055
-100.825
-100.696
-100.65
-100.276
-99.8873
-99.8851
-99.7668
-99.3102
-99.027
-98.6249
-98.4317
-98.1649
-97.87
-97.8009
-97.6866
-97.6505
-97.6325
-97.5968
-97.5846
-97.4841
-97.2679
-97.1698
-97.0812
-96.9143
-96.2413
-95.7552
-95.1923
-94.8483
-94.7003
-94.6377
-94.1903
-94.149
-94
-93.7012
-93.6731
-93.6489
-93.6326
-93.5486
-93.5449
-93.4827
-93.383
-93.2432
-93.0542
-92.952
-92.654
-92.5733
-92.0387
-91.9762
-91.3443
-91.1871
-91.1081
-91.0174
-90.924
-90.8028
-90.7029
-90.6924
-90.4063
-90.0597
-89.8805
-89.711
-89.3854
-89.1782
-89.1738
-89.1168
-89.0465
-88.9612
-88.7316
-88.7179
-88.6192
-88.598
-88.3274
-88.2902
-87.6971
-87.6935
-87.675
-87.5006
-87.1712
-86.9716
-86.6607
-86.0901
-85.8952
-85.6972
-85.6862
-85.6588
-85.5207
-85.3708
-85.1599
-85.0171
-84.5965
-84.5688
-84.0818
-83.922
-83.9042
-83.7201
-83.4629
-83.1489
-82.798
-82.6908
-82.5798
-82.5361
-82.4707
-82.4567
-82.1731
-81.9219
-81.7431
-81.2705
-80.974
-80.7291
-80.5489
-80.4496
-80.3225
-80.1745
-80.127
-80.1121
-79.8651
-79.7505
-79.3812
-78.9292
-78.8914
-78.707
-78.6967
-78.4635
-77.8426
-77.7877
-77.5005
-77.4235
-77.3502
-77.2603
-77.1591
-77.0754
-77.0482
-77.0271
-77.0222
-76.9135
-76.5884
-76.3676
-76.3044
-76.2202
-76.1019
-75.9332
-75.87
-75.5039
-75.4326
-75.0426
-74.5602
-74.2955
-74.1769
-74.0376
-73.6098
-73.337
-73.2437
-73.116
-72.9638
-72.6757
-72.6105
-71.9859
-71.6818
-71.5836
-71.5201
-71.2935
-71.2142
-70.9891
-70.4218
-70.38
-70.3008
-70.2434
-69.9838
-69.8266
-69.762
-69.502
-69.3425
-69.2213
-68.9257
-68.3305
-67.8914
-67.8324
-67.8047
-67.6628
-67.5948
-67.4934
-67.2555
-67.1229
-67.1003
-66.773
-66.4287
-66.2892
-66.0613
-65.9589
-65.4878
-65.4517
-65.4435
-65.42
-65.4002
-65.2111
-65.0892
-65.0583
-64.9414
-64.9405
-64.8104
-64.3535
-63.6308
-63.5031
-63.0453
-63.0232
-62.4015
-62.3657
-61.9619
-61.9292
-61.9
-61.806
-61.1731
-60.8006
-60.6485
-59.577
-59.4591
-59.3504
-59.2022
-58.8716
-58.6696
-58.6519
-58.5623
-58.5234
-57.1712
-57.0331
-56.9003
-56.8428
-56.7224
-56.0991
-55.8013
-55.3367
-55.2731
-54.986
-54.4072
-54.3368
-54.1676
-53.909
-53.8903
-53.496
-53.399
-53.3106
-53.2764
-52.5563
-52.3909
-52.3182
-52.212
-52.0065
-51.9005
-51.8749
-51.8074
-51.7368
-51.6151
-51.5626
-51.129
-50.8036
-50.7417
-50.6973
-50.6257
-50.5953
-49.6723
-48.8875
-48.7353
-48.7171
-48.3887
-48.264
-48.1053
-48.0225
-47.9393
-47.8764
-47.856
-47.8508
-47.769
-47.2907
-47.2674
-47.1569
-46.8307
-46.711
-46.3
-45.7281
-45.5099
-45.3834
-45.3756
-45.3545
-45.2772
-45.2059
-44.9327
-44.8975
-44.2757
-44.2269
-44.1139
-44.0782
-44.0082
-43.3363
-43.2455
-43.174
-42.9843
-42.4277
-42.2618
-42.0261
-41.9701
-41.6603
-41.4882
-41.3691
-41.3483
-41.285
-41.1466
-41.0899
-40.6248
-40.5976
-40.4829
-40.4457
-40.3356
-40.0682
-39.8604
-39.689
-39.6133
-39.5061
-39.2576
-39.2234
-38.7697
-38.7109
-38.3479
-38.2823
-38.2377
-37.7517
-37.4395
-36.9649
-36.8563
-36.7732
-36.6741
-36.5333
-36.1284
-35.8671
-35.853
-35.7889
-35.7851
-35.2994
-35.2318
-35.1483
-35.0187
-34.9491
-34.5913
-34.4303
-34.34
-34.0994
-33.8339
-33.2877
-33.2394
-33.1015
-32.9808
-32.8646
-32.8533
-32.7385
-32.7033
-32.5886
-32.5153
-32.3066
-31.2111
-31.0877
-30.7173
-30.1791
-30.1611
-30.0282
-29.883
-29.6539
-29.4869
-29.3251
-29.0799
-28.9905
-28.9121
-28.3009
-28.2802
-28.2685
-28.0723
-27.8104
-27.7033
-27.5337
-27.3086
-27.1644
-26.9494
-26.9231
-26.8801
-26.8458
-26.7033
-26.5339
-26.4318
-26.2535
-26.2251
-25.9811
-25.9648
-25.7511
-25.7384
-25.4917
-25.3059
-25.1463
-24.96
-24.8603
-24.7224
-24.5586
-24.0485
-24.0444
-23.4739
-23.1833
-23.1001
-22.5338
-22.5193
-22.3128
-22.3019
-22.0922
-21.8225
-21.403
-21.1515
-21.0093
-21.0076
-20.9569
-20.8338
-20.8215
-20.8053
-20.6882
-20.6545
-20.6126
-20.4904
-20.472
-20.38
-20.3165
-20.0571
-19.9313
-19.6466
-19.486
-19.4843
-18.8383
-18.653
-18.217
-18.016
-18.0037
-17.9223
-17.6631
-17.5725
-17.5198
-17.4303
-16.8586
-16.8153
-16.0525
-15.7242
-15.7173
-15.3535
-15.2024
-15.1566
-15.1424
-14.9647
-14.5263
-14.3606
-14.3145
-14.2737
-13.9855
-13.2022
-12.9938
-12.9028
-12.834
-12.3532
-12.3373
-12.3251
-12.063
-12.049
-11.7551
-11.3657
-11.251
-11.1862
-10.7875
-10.7451
-10.7317
-9.90883
-9.73841
-9.55236
-9.4069
-9.29083
-9.18401
-9.11187
-8.46565
-8.10142
-8.07941
-8.05423
-8.04521
-7.89752
-7.85116
-7.81389
-7.80945
-7.64435
-7.13963
-7.13807
-6.43522
-6.39962
-6.36401
-5.71609
-5.60741
-5.48296
-5.11405
-4.31347
-4.30643
-4.28361
-3.71215
-3.6948
-3.43053
-3.30189
-3.29814
-2.94904
-2.73543
-2.15638
-1.54784
-1.44476
-1.04807
-1.03711
-0.453239
-0.38047
-0.238771
-0.231921
-0.139229
-0.0885804
0.0371966
0.0965823
0.130012
0.493063
0.815685
1.13609
1.31722
1.41311
1.58038
1.69673
1.79551
2.07017
2.34701
2.35537
2.95953
3.29256
3.63883
3.67067
3.69243
3.8073
4.21423
4.6244
4.80253
4.9776
5.14921
5.20367
5.89403
6.05074
6.22794
6.29619
6.78713
6.79593
6.92197
7.16104
8.03389
8.23833
8.42856
8.7985
8.89231
9.15161
9.22878
9.30872
9.46774
9.59174
9.69064
9.91204
9.9368
10.1142
10.3773
10.4959
10.6776
10.8613
11.0886
11.3193
11.3889
12.4942
12.9422
13.309
13.5528
13.6185
13.8293
13.9884
14.178
14.2449
14.2802
14.8191
14.9869
15.11
15.2343
15.5495
15.5724
15.7518
16.4075
16.5757
16.7388
16.8684
17.0599
17.07
17.5978
17.6166
17.6853
17.7225
18.4095
18.6448
18.7167
20.2464
20.6712
20.6981
20.8035
21.1172
21.2279
21.3719
22.077
22.1518
22.2374
22.2791
22.7494
22.7727
23.0829
23.346
23.8575
23.8745
23.9846
24.0151
24.256
24.7947
24.8443
25.0707
25.6947
25.6965
25.7161
25.8124
25.8648
25.8828
26.0473
26.2264
26.3063
26.4438
26.5256
26.8018
26.9817
27.1395
27.4001
28.2066
28.3674
28.3871
28.7034
28.7105
28.7644
29.0497
29.3947
29.6976
29.8719
29.9248
30.0982
30.1041
30.2401
30.3021
30.3695
30.4325
30.6655
31.0637
31.2838
31.286
31.425
31.6382
31.6702
31.942
32.091
32.2278
32.2771
32.278
32.4058
32.7487
32.7893
32.9962
33.4333
33.4535
34.0188
34.0514
34.6812
34.7815
35.2427
35.3071
35.4294
35.4445
35.6097
35.7119
36.3013
36.6029
36.6122
36.8711
37.0298
37.1914
37.1939
37.4805
37.6784
37.8619
38.0956
38.2637
38.6283
38.7004
38.9086
38.9301
39.2793
39.6359
39.6568
39.7207
39.767
39.8898
39.9528
40.0231
40.1447
40.2365
40.3723
40.4201
40.4416
40.903
40.9094
40.9637
41.0604
41.6713
41.7031
41.8034
41.9562
42.2509
42.2708
42.5216
42.7327
42.7716
42.8742
43.0019
43.1268
43.1653
43.6689
44.0624
44.15
44.2373
44.543
44.5793
44.7156
44.8956
44.9255
45.1766
45.2573
45.4578
45.6207
45.6605
45.8717
46.1617
46.3963
46.4323
46.5426
46.5599
46.6554
47.0117
47.0968
47.4907
47.9094
47.9872
48.008
48.1549
48.3622
48.4317
48.4805
48.4875
48.5355
48.5744
48.9119
49.1117
49.3558
49.36
49.4187
49.5733
49.6384
49.7568
49.7966
50.0508
50.745
51.1697
51.4942
51.696
51.9526
51.9907
52.1224
52.1239
52.3459
52.6205
52.8453
52.9006
53.0451
53.0477
53.151
53.1525
53.2347
53.2898
53.49
53.5024
53.654
53.6604
53.784
54.0346
54.1499
54.2915
54.449
54.528
55.306
55.6362
56.1574
56.3468
56.6326
56.9163
57.0979
57.4108
57.7697
57.7842
58.9718
59.1142
59.5081
59.7529
59.7984
59.836
59.9394
60.0869
61.0135
61.1044
61.616
61.7015
61.7849
61.9036
62.0655
62.2475
62.289
62.5077
62.9897
63.1647
63.1662
63.2129
63.2277
63.3603
63.4693
64.1086
64.2217
64.307
64.4367
64.4903
64.6838
64.8819
64.9189
65.0283
65.2163
65.2932
65.3705
65.692
65.9197
65.9672
66.124
66.3305
66.5052
66.6782
66.6969
66.7066
67.2727
67.295
67.4233
67.4467
67.6729
68.0504
68.2043
68.412
68.567
68.5886
68.7034
69.6442
69.6951
69.9319
70.0126
70.3752
70.5821
70.7208
71.1306
71.2822
71.7086
72.1109
72.2291
72.4853
72.8633
73.1277
73.1449
73.1931
73.3833
73.485
73.8157
73.958
74.0604
74.3567
74.8146
75.0718
75.2114
75.2866
75.3196
75.3695
75.4272
75.5355
75.604
75.6759
76.1107
76.1482
76.3506
76.4094
76.4376
76.7392
76.8447
77.1061
77.113
77.1358
77.2321
77.3725
78.8128
78.8268
79.0972
79.1679
79.3871
79.5207
79.7361
80.2202
80.393
80.4008
80.6398
80.7092
80.7773
81.9
82.1492
82.2792
82.9643
83.043
83.486
83.81
84.0377
84.1598
84.4931
84.605
84.9587
85.3071
85.507
85.9446
85.9465
86.077
86.2878
86.3297
86.3359
86.4498
86.7563
86.8497
87.458
87.8734
88.283
88.3659
88.7655
88.8812
89.1278
89.2487
89.5774
89.6689
89.7709
90.0091
90.2046
90.7114
90.9722
91.2748
91.5689
91.6201
91.9445
92.2138
92.3125
92.3436
92.4438
92.4969
92.5057
92.6845
92.7851
92.8183
93.2023
93.5666
93.7691
93.8514
94.0299
94.1478
94.2373
94.483
94.7199
94.7277
94.7942
95.0054
95.2259
95.4457
95.4747
95.6763
96.0841
96.0962
96.9004
97.1596
97.4165
97.876
98.3455
98.447
98.4751
98.5221
99.0372
99.2548
99.6924
99.7777
99.7887
99.9312
100.06
100.165
100.58
100.825
100.988
101.378
101.533
102.175
102.569
102.604
102.829
102.886
103.187
103.266
103.297
103.362
103.363
103.443
103.495
103.652
103.784
104.175
104.633
104.746
104.774
104.97
105.137
105.384
105.475
105.546
105.645
105.794
105.878
106.223
106.767
106.824
107.485
107.55
107.581
107.587
107.849
107.94
108.042
108.137
108.167
108.194
108.455
108.582
108.737
108.743
108.896
109.393
109.396
109.733
109.778
110.394
110.482
110.487
110.795
111.038
111.397
111.423
112.51
112.52
112.847
112.888
113.401
113.811
113.815
114.005
114.014
114.088
114.291
114.38
114.559
114.583
114.963
115.003
115.121
115.238
115.376
115.444
115.449
115.615
116.037
116.312
116.395
116.564
116.574
116.608
116.726
116.946
116.979
117.047
117.185
117.29
117.317
117.339
117.428
117.91
118.014
118.079
118.245
118.482
118.498
118.551
118.654
118.669
118.989
119.116
119.343
119.733
119.763
119.8
120.018
120.047
120.353
120.393
120.815
121.431
121.569
121.663
121.735
121.744
121.744
122.015
122.121
122.242
122.377
122.571
123.171
123.207
123.424
123.618
123.803
123.81
123.882
124.656
124.828
125.251
125.722
125.731
125.994
126.1
126.322
126.366
126.368
126.526
126.653
127.101
127.235
127.599
127.749
127.767
127.83
128.083
128.225
128.398
128.503
128.812
128.968
128.971
129.106
129.261
129.528
129.798
129.903
129.903
129.976
130.21
130.379
130.456
130.511
131.362
131.529
131.696
131.917
132.329
132.482
133.236
133.456
133.49
133.602
133.807
133.857
133.863
133.905
134.116
134.319
134.538
134.605
134.722
134.778
134.909
135.077
135.297
135.391
135.634
135.662
135.842
135.915
136.152
136.759
136.807
137.237
137.329
137.346
137.498
137.508
137.655
137.887
138.052
138.396
138.626
138.847
138.943
139.201
139.613
139.653
139.862
139.943
140.046
140.514
140.742
140.824
141.226
141.389
141.53
141.862
142.129
142.564
142.657
142.865
142.964
143.178
143.279
143.289
143.416
143.486
143.509
143.512
143.678
144.309
145.097
145.219
145.47
145.526
145.771
145.971
146.155
146.244
146.353
146.521
146.614
146.637
147.1
147.365
147.442
147.701
147.902
148.402
148.427
148.521
148.815
148.89
149.185
149.191
149.236
149.527
149.819
149.852
150.406
150.976
151.751
152.096
152.399
152.401
152.959
153.106
153.202
153.338
153.381
153.442
153.447
153.459
153.539
153.942
154.135
154.361
154.418
154.902
154.994
155.357
155.61
155.797
156.012
156.108
156.334
156.94
157.225
157.27
157.402
157.405
157.548
157.625
157.651
157.754
157.916
158.043
158.351
158.659
158.71
158.86
158.988
159.147
159.202
159.343
159.357
159.531
159.584
159.931
159.934
160.097
160.294
160.523
160.66
160.728
160.737
160.845
161.304
161.47
161.63
161.743
161.97
162.3
162.391
162.676
162.831
163.052
163.092
163.211
163.336
163.364
163.458
163.919
164.168
164.5
164.62
164.807
164.899
164.92
165.131
165.365
165.895
165.984
166.04
166.202
166.466
166.484
166.643
167.141
167.279
167.587
168.026
168.065
168.139
168.2
168.242
168.264
168.576
168.843
168.865
168.977
169.031
169.044
169.044
169.136
169.151
169.17
169.706
169.996
170.148
170.229
170.324
170.461
171.102
171.158
171.693
172.071
172.273
172.575
172.607
172.914
172.982
173.073
173.455
173.747
174.022
174.05
174.394
174.476
174.609
175.45
175.782
176.125
176.16
176.289
176.531
176.801
177.28
177.337
177.424
177.61
177.656
177.692
178.237
178.313
178.521
178.678
178.799
178.817
178.854
179.044
179.258
179.273
179.461
179.879
179.945
180.024
180.669
180.707
180.771
180.814
180.861
180.865
180.926
181.02
181.035
181.205
181.266
181.299
181.477
181.506
181.551
181.619
181.657
182.221
182.262
182.406
182.533
182.624
182.953
183.174
183.293
183.675
184.163
184.302
185.08
185.084
185.384
185.587
185.767
185.79
186.233
186.375
186.423
186.479
186.492
186.727
186.827
187.172
187.283
187.733
187.784
187.854
188.098
188.182
188.185
188.547
188.586
188.995
189.278
189.33
189.369
189.437
189.439
189.558
189.664
189.775
190.091
190.165
190.203
190.487
190.74
190.969
191.326
191.589
191.925
192.034
192.085
192.383
192.392
192.681
192.961
193.008
193.467
193.624
193.798
193.904
193.916
194.227
194.56
195.031
195.587
196.021
196.063
196.139
196.391
196.642
196.963
197
197.059
197.449
197.55
197.901
198.238
198.334
198.581
198.694
198.787
198.851
199.062
199.145
199.289
199.413
199.961
200.811
200.951
200.984
201.525
201.696
202.229
202.288
202.298
202.569
202.635
202.756
202.853
203.199
203.336
203.432
203.454
203.654
204.061
204.131
204.37
204.442
204.629
205.149
205.188
205.822
206.218
206.822
207.206
207.253
207.733
207.969
208.403
208.758
209.308
210.064
210.07
210.311
210.447
211.105
211.191
211.274
211.285
211.366
211.523
211.618
211.655
211.701
211.867
211.95
212.821
212.98
213.072
213.084
213.147
213.9
213.938
214.245
214.262
214.612
214.773
214.853
215.081
215.115
215.201
215.72
215.925
216.556
216.652
216.735
216.778
216.855
217.021
217.196
217.562
217.714
217.766
217.929
218.137
218.212
218.234
218.359
218.373
218.478
218.569
218.712
218.838
219.457
219.458
219.472
220.087
220.091
220.104
220.797
221.418
221.497
221.559
221.603
221.926
222.187
222.482
222.559
222.713
222.822
223.058
223.746
223.797
223.961
224.092
224.162
224.304
224.312
224.826
224.884
225.28
225.529
225.949
226.092
226.235
226.384
226.403
226.508
226.798
226.922
227.173
227.367
227.614
227.935
228.127
228.284
228.453
228.991
229.094
229.23
229.562
229.565
229.583
229.602
229.718
229.937
230.05
230.119
230.124
230.45
230.527
230.94
230.982
231.364
231.539
231.644
231.683
231.789
231.799
231.871
232
232.124
232.325
232.55
233.827
233.911
234.043
234.344
234.561
234.773
235.126
235.164
235.17
235.238
235.294
235.605
235.697
236.38
236.396
236.894
236.977
237.009
237.285
237.424
237.612
237.623
237.851
237.917
238.115
238.396
238.616
238.94
239.193
239.241
239.555
239.931
240.117
240.151
240.267
240.713
241.446
241.468
241.703
241.736
241.879
242.064
242.13
242.944
243.388
243.439
243.646
243.71
243.736
243.85
243.889
243.981
244.021
244.191
244.333
244.423
244.428
244.781
244.918
245.583
245.976
246.02
246.237
246.289
246.349
246.389
246.54
246.688
247.022
247.17
247.202
247.345
247.403
247.623
247.634
247.822
248.02
248.117
248.119
248.139
248.139
248.272
248.677
248.986
249.183
249.316
249.59
250.627
250.947
251.046
251.193
251.304
251.331
251.381
251.928
252.159
252.202
252.25
252.457
252.565
252.622
252.623
252.788
252.826
253.145
253.29
253.389
253.834
253.967
254.316
254.437
254.493
254.499
254.602
254.86
255.036
255.233
255.726
255.76
255.936
255.983
256.067
256.177
256.381
256.382
256.417
256.981
257.105
257.165
257.308
257.679
257.694
257.742
257.783
257.82
258.259
258.263
258.614
258.719
258.941
258.959
259.331
259.485
259.721
260.479
260.486
260.572
260.686
260.702
260.849
260.982
261.202
261.31
261.384
261.546
262.061
262.062
262.614
262.846
263.503
263.987
264.031
264.428
264.693
264.858
265.316
265.936
266.144
266.446
266.994
267.044
267.17
267.468
267.976
268.239
268.636
268.688
268.833
268.841
268.875
268.902
269.044
269.056
269.166
269.445
269.703
269.886
270.175
270.408
270.492
270.733
270.945
271.019
271.417
271.423
271.691
271.929
272.564
273.232
273.257
273.313
273.5
273.519
273.566
273.724
273.81
273.917
274.108
274.223
274.322
274.392
274.679
275.105
275.187
275.28
275.313
275.465
275.489
275.542
275.612
275.637
275.772
275.812
276.819
277.026
277.23
277.308
277.374
277.479
277.714
278.018
278.231
278.397
278.527
278.543
278.626
278.917
279.596
279.733
279.945
279.958
280.045
280.197
280.225
280.226
280.736
280.745
280.851
281.083
281.379
281.533
281.6
282.002
282.161
282.376
282.581
282.838
283.194
283.253
283.498
284.118
284.443
284.645
284.679
285.042
285.287
285.385
285.991
286.243
286.663
286.752
286.762
286.783
286.8
288.267
288.366
288.477
288.759
288.826
288.874
288.914
289.024
289.04
289.625
289.888
289.966
290.268
290.315
290.742
290.769
290.906
290.927
291.013
291.143
291.203
291.288
291.386
291.603
291.664
291.778
292.039
292.211
292.225
292.591
292.772
292.83
293.04
293.195
293.201
293.424
293.521
293.681
294.066
294.118
294.227
294.415
294.447
294.858
294.866
294.899
295.044
295.082
295.095
295.134
295.345
295.501
296.036
296.242
296.333
296.44
296.45
296.51
296.809
296.851
296.902
297.021
297.09
297.193
297.228
297.453
297.577
297.851
298.069
298.157
298.442
298.478
299.1
299.205
299.235
299.318
299.414
299.441
299.573
299.75
299.817
300.051
300.131
300.153
300.445
300.842
300.981
301.252
301.432
301.513
301.542
301.722
301.849
302.182
302.205
302.264
302.895
303.562
303.735
304.101
304.798
305.027
305.176
305.536
305.662
305.684
305.884
306.173
306.185
306.261
306.559
306.574
306.61
306.763
306.891
306.95
307.004
307.519
307.574
307.76
308.057
308.106
308.209
308.599
309.502
309.587
309.799
310.532
310.736
311.155
311.626
311.761
311.827
312.197
312.77
313
313.079
313.127
313.151
313.295
313.306
313.681
313.799
314.24
314.342
314.402
314.528
314.608
314.731
314.807
314.942
315.043
315.08
315.286
315.595
316.327
316.644
316.779
316.84
317.225
317.241
317.319
317.493
317.662
318.223
318.234
318.292
318.478
318.774
318.905
319.055
319.435
319.653
319.755
319.802
320.041
320.198
320.605
320.996
321.051
321.336
321.931
322.288
322.636
323.036
323.583
323.828
324.207
324.477
324.612
324.706
325.108
325.123
325.569
325.761
326.099
326.183
326.454
326.503
326.59
326.787
326.876
326.922
327.014
327.141
327.564
327.629
327.67
328.486
328.632
328.669
328.829
328.876
329.023
329.478
330.317
330.387
330.421
330.674
330.787
330.989
331.43
331.508
331.644
331.907
332.011
332.075
332.738
332.789
332.825
333.094
333.113
333.414
333.629
333.761
334.12
334.598
334.681
335.089
335.119
335.345
335.448
335.817
335.92
335.96
336.127
336.351
336.369
336.406
336.449
336.589
336.651
336.801
336.937
337.303
338.009
338.121
338.354
339.197
339.518
339.667
339.715
339.743
339.776
339.837
340.048
340.217
340.304
340.603
340.723
341.079
341.204
341.532
341.708
341.782
341.975
342.271
343.113
343.22
343.604
343.682
344.034
344.043
344.344
344.356
344.434
344.587
344.702
344.744
344.748
344.85
344.858
344.97
345.12
345.143
345.311
345.565
345.932
346.258
346.27
346.539
346.612
346.829
347.296
347.413
347.873
347.918
347.951
347.992
348.116
348.258
348.973
349.148
349.21
349.291
349.535
349.57
349.663
349.699
349.745
349.839
349.96
350.049
350.51
350.573
350.64
350.839
350.952
351.308
351.319
351.389
351.501
351.83
352.028
352.618
352.814
352.905
353.108
353.162
353.257
353.49
353.964
353.967
354.045
354.139
354.429
354.683
354.917
355.31
355.42
355.625
355.69
356.136
356.203
356.322
356.396
356.518
356.542
356.614
356.703
356.717
357.014
357.343
357.39
357.757
358.171
358.173
358.343
358.546
358.574
358.933
359.045
359.213
359.286
359.577
359.808
359.822
360.34
360.359
360.513
360.674
360.901
361.242
361.335
362.079
362.529
363.25
363.252
363.596
363.751
363.788
363.799
363.843
364.258
365.062
365.262
365.399
365.484
365.485
365.568
365.937
366.063
366.197
366.906
367.148
367.182
367.609
367.666
367.851
367.889
367.977
368.084
368.357
368.363
368.428
368.437
368.619
368.736
368.768
368.89
369.354
369.501
369.513
369.564
369.597
369.75
369.786
369.954
370.05
370.347
370.35
370.531
370.619
371.078
371.344
371.444
371.572
371.601
371.621
371.776
371.781
371.973
372.091
372.25
373.183
373.321
373.34
373.357
373.552
373.85
373.976
374.044
374.302
374.344
374.588
374.755
374.775
374.778
374.796
374.837
375.054
375.091
375.533
375.723
375.913
376.592
376.799
376.845
377.085
377.152
377.328
378.047
378.388
379.017
379.133
379.183
379.441
379.536
379.657
379.814
380.134
380.191
380.814
381.003
381.151
381.344
381.461
381.588
381.834
381.841
382.077
382.735
383.05
383.491
383.968
384.153
384.164
384.441
384.653
384.927
384.975
385.085
385.514
386.014
386.035
386.621
386.741
387.145
387.174
387.303
387.384
387.939
388.182
388.476
389.051
389.131
389.162
389.794
389.862
389.97
390.079
391.069
391.434
391.968
392.292
392.593
393.025
393.08
393.201
393.325
393.46
393.654
393.729
393.835
393.838
394.304
394.646
395.124
395.233
395.482
395.696
395.74
395.95
396.193
396.329
396.331
396.698
396.829
396.885
397.023
397.146
397.426
397.691
397.727
397.964
398.151
398.53
398.688
398.868
399.013
399.206
399.476
399.546
399.568
399.574
399.647
399.848
399.901
400.602
400.679
400.755
401.24
401.244
401.821
402.142
403.501
403.908
404.09
404.875
405.282
405.289
405.327
405.344
405.389
406.192
406.241
406.282
406.372
406.393
406.832
407.141
407.335
407.338
407.339
407.343
407.688
407.841
407.843
407.92
408.165
408.238
408.471
408.514
408.751
409.513
409.858
410.162
410.345
410.6
410.695
411.078
411.275
411.373
411.519
411.975
412.127
412.133
412.741
412.756
413.044
413.045
413.06
413.151
413.155
413.256
413.492
413.501
413.53
413.762
413.991
414.111
414.122
414.445
414.595
414.644
414.898
415.142
415.169
415.818
415.944
416.402
416.525
416.842
416.883
416.935
417.231
417.289
417.352
417.604
417.631
417.868
418.004
418.76
419.134
419.297
419.336
420.297
420.991
421.41
421.614
422.037
422.177
422.443
422.569
422.71
422.821
422.869
423.253
423.486
423.812
424.175
424.487
424.496
424.601
424.64
424.918
425.045
425.434
426.4
426.419
426.647
427.28
427.282
427.898
428.083
428.182
428.264
428.361
428.466
428.524
428.689
428.863
429.126
429.148
429.532
429.543
429.88
430.09
430.129
430.46
430.566
430.632
430.846
430.981
431.316
431.804
431.878
432.182
432.248
432.399
432.415
432.484
432.494
432.87
432.882
433.097
433.412
433.524
434.095
434.183
434.203
434.34
434.418
434.453
434.501
434.594
434.683
435.016
435.025
435.029
435.193
435.557
435.744
435.788
435.901
436.199
436.6
436.686
437.192
437.273
437.333
437.662
437.734
437.773
437.774
437.861
437.887
438.007
438.133
438.537
438.8
438.924
439.443
440.407
440.501
440.893
441.175
441.878
441.905
441.954
442.012
442.07
442.268
442.683
442.822
443.08
443.251
443.594
443.645
443.843
443.849
443.904
443.92
444.195
444.509
444.753
444.876
445.239
445.456
446.079
446.45
447.039
447.469
447.511
447.676
447.803
447.951
448.406
448.41
448.418
448.504
448.592
448.673
449.061
449.117
449.124
449.569
449.751
450.056
450.087
450.708
450.793
451.13
451.326
451.455
451.542
451.936
452.288
452.3
452.338
452.373
452.601
452.619
452.922
453.049
453.114
453.149
453.692
453.776
453.801
454.165
454.191
454.418
454.524
454.551
454.913
455.101
455.172
455.393
455.553
455.727
455.767
456.323
456.338
456.513
456.591
456.766
456.782
457.178
457.277
457.309
457.358
457.805
457.996
458.57
458.72
458.795
458.997
459.034
459.403
459.62
459.938
460.892
461.353
461.459
461.855
461.981
462.011
462.043
462.344
463.387
463.73
463.877
463.901
463.914
464.277
464.297
464.326
464.791
465.093
465.136
465.309
465.432
465.637
466.355
466.553
466.636
466.676
466.706
466.922
467.101
467.272
467.443
467.936
467.946
467.972
468.733
469.085
469.097
469.332
469.364
469.616
469.662
469.923
470.062
470.146
470.295
470.32
470.614
470.623
471.047
471.293
471.445
471.534
471.809
472.017
472.183
472.323
472.358
472.763
472.827
472.924
473.268
473.494
473.802
473.807
474.15
474.539
474.628
474.815
475.111
475.175
475.223
475.449
475.52
475.785
475.794
475.877
476.047
476.202
476.311
476.691
477.069
477.486
477.67
477.919
478.933
479.119
479.136
479.201
479.567
479.571
479.588
479.918
480.009
480.045
480.078
480.35
480.792
480.877
480.901
481.29
481.467
481.488
481.708
482.183
482.26
482.334
482.458
482.478
482.72
483.372
483.589
484.054
484.195
484.243
484.286
484.886
485.127
485.245
485.604
485.805
485.815
486.155
486.267
486.326
486.846
487.144
487.388
487.454
487.536
487.575
487.622
488.112
488.299
488.329
488.405
488.414
488.745
488.779
488.817
488.837
488.859
489.198
489.357
489.453
489.461
489.464
489.683
489.832
490.017
490.143
490.309
490.33
490.343
490.584
490.83
491.658
491.746
491.842
492.144
492.149
492.223
492.29
492.367
492.57
492.64
492.642
492.711
492.793
493.27
493.324
493.461
493.775
494.314
494.458
494.461
494.554
495.276
495.606
495.619
495.884
496.263
496.808
497.101
497.211
497.357
497.537
497.672
497.884
498.46
498.485
498.845
498.886
498.914
499.283
499.379
499.438
499.542
500.054
500.077
500.465
500.593
500.674
500.699
500.72
500.749
501.359
501.544
501.803
501.847
501.88
502.087
502.59
502.844
502.878
503.071
503.105
503.108
503.275
503.54
503.695
503.757
503.824
504.161
504.242
504.467
504.79
504.957
505.101
505.723
505.87
505.941
506.233
506.484
506.758
506.765
507.104
507.578
507.787
508.531
509.26
509.358
509.487
509.549
509.904
510.061
510.066
510.3
510.61
510.789
510.989
511.159
511.162
511.334
511.386
511.866
511.891
512.188
512.286
512.528
512.634
513.693
514.171
514.457
514.505
514.564
514.588
514.999
515.1
515.141
515.31
515.837
516.579
516.728
516.982
517.302
517.581
517.85
517.913
517.937
518.417
518.427
518.647
518.701
519.18
519.377
519.47
519.543
519.871
520.071
520.274
520.282
520.445
520.497
520.599
520.626
520.95
521.072
521.174
521.428
521.594
521.613
521.662
521.724
522.057
522.367
522.761
523.225
523.322
523.556
523.914
524.035
524.343
524.536
524.888
525.358
525.743
525.824
525.88
525.937
526.066
526.273
526.754
527.064
527.406
527.528
527.623
528.309
528.776
529.743
529.848
529.849
530.083
530.116
530.597
531.147
531.291
531.332
531.366
531.774
531.855
532.263
532.698
532.728
532.773
532.874
532.895
533.234
533.33
533.402
533.725
533.821
534.027
534.066
534.141
534.879
535.014
535.034
535.23
535.602
535.814
535.86
535.947
536.027
536.411
536.459
536.754
536.854
537.234
537.462
537.609
537.705
538.149
538.243
538.267
538.494
538.602
538.71
538.728
538.963
539.175
539.193
539.198
539.231
539.237
539.482
539.724
539.828
540.005
540.179
540.424
540.813
541.194
541.223
541.296
541.365
541.372
541.465
541.548
542.055
542.495
542.715
542.723
542.734
542.762
542.774
543.114
543.156
543.219
543.446
543.776
543.925
544.166
544.241
544.621
544.783
545.002
545.288
545.412
545.54
545.737
545.867
545.934
546.031
546.29
546.593
546.602
546.606
546.839
547.006
547.206
547.509
547.629
548.547
548.714
548.729
548.772
548.865
548.933
549.319
549.652
550.05
550.115
550.69
550.843
551.144
551.282
551.331
551.534
551.726
551.799
552.011
552.1
552.201
552.508
552.64
552.748
552.957
553.143
553.47
553.871
554.186
554.307
554.53
554.532
554.76
554.82
554.859
555.01
555.061
555.139
555.261
555.506
555.612
555.655
555.768
555.785
555.814
556.303
556.386
556.515
556.781
556.925
557.441
557.606
558.247
558.383
558.625
558.998
559.229
560.306
560.375
560.43
560.448
560.497
560.501
560.566
560.814
561.018
561.146
561.19
561.737
561.908
561.974
561.978
562.438
562.694
562.752
563.273
563.413
563.44
563.753
563.969
564.525
565.065
565.195
565.262
565.266
565.441
565.506
566.061
566.198
566.414
566.564
566.811
566.827
567.056
567.171
567.527
567.544
567.615
567.701
567.729
567.9
568.005
568.044
568.216
568.284
568.303
568.306
568.589
568.978
568.992
569.051
569.858
570.443
570.692
570.895
571.451
571.865
571.954
572.004
572.015
572.119
572.218
572.373
572.425
572.652
572.66
572.889
573.079
573.532
573.591
573.63
573.683
573.952
574.005
574.054
574.247
574.377
574.394
574.493
574.526
574.695
574.857
575.285
575.459
575.466
575.857
576
576.133
576.295
576.463
576.531
576.555
577.181
577.675
577.978
578.434
578.462
578.487
578.572
578.873
579.625
579.74
579.759
580.034
580.249
580.589
580.687
580.917
580.956
581.782
581.84
581.847
581.978
582.17
582.196
582.522
582.634
582.909
582.985
583.026
583.197
583.451
583.54
583.986
584.025
584.269
584.329
584.338
584.406
584.623
584.633
585.132
585.378
585.81
585.989
586.404
586.611
586.821
586.941
587.314
587.507
587.585
587.757
587.773
588.219
588.494
588.662
589.213
589.489
589.526
589.572
589.82
590.067
590.263
590.463
590.981
591.075
592.03
592.444
592.502
592.988
593.576
593.586
594.118
594.48
594.584
594.674
595.596
596.232
596.314
596.397
596.595
596.88
596.949
597.134
597.367
597.403
597.412
597.756
597.783
597.883
597.894
598.58
598.827
599.016
599.135
599.291
599.356
599.732
599.833
600.062
600.259
600.478
600.724
600.85
600.879
600.949
601.075
601.416
601.511
601.549
602.02
602.048
602.088
602.129
602.516
602.644
602.728
603.205
603.793
604.161
604.524
604.576
605.03
605.207
605.304
605.326
605.424
606.247
606.453
606.485
606.66
606.827
606.869
607.15
607.324
607.341
607.774
607.797
608.002
608.354
608.566
608.814
609.02
609.065
609.192
609.213
609.249
609.281
609.404
609.95
610.229
610.708
610.749
611.015
611.083
611.203
611.527
611.578
611.599
612.016
612.297
612.297
612.644
612.876
613.386
613.516
613.926
614.134
614.228
614.434
614.818
615.301
615.449
615.639
615.919
616.29
616.358
616.696
616.808
616.976
617.234
617.437
617.853
617.982
618.067
618.189
618.191
618.261
618.629
618.71
618.741
618.877
619.006
619.486
619.488
619.554
619.571
619.725
620.533
620.993
621.343
621.574
621.582
621.864
622.397
622.516
623.12
623.127
623.159
623.418
624.011
624.129
624.377
624.436
625.058
625.347
625.643
625.803
625.894
625.994
626.354
626.759
626.968
627.379
627.521
627.716
627.807
628.18
628.192
628.277
628.703
628.9
628.906
629.019
629.534
629.589
629.629
629.667
629.78
629.817
629.964
629.978
630.325
630.394
630.418
630.428
630.587
630.804
631.098
631.356
631.433
631.708
631.811
631.983
632.019
633.104
633.201
633.291
633.302
633.31
633.335
634.074
634.264
634.768
634.91
635.071
635.491
635.494
635.635
635.679
636.082
636.255
636.559
637.432
637.47
637.475
637.993
638.203
638.631
638.748
638.873
639.305
639.355
639.39
639.576
640.181
640.292
640.574
640.631
640.652
640.713
640.726
640.856
641.059
641.624
641.851
642.258
642.662
642.721
642.875
643.557
643.684
643.875
644.173
644.189
644.279
644.53
644.802
644.852
645.388
645.75
645.764
645.89
646.025
646.693
646.695
647.119
647.174
647.318
647.352
647.632
647.705
648.083
648.217
648.245
648.431
648.523
648.8
648.887
649.706
649.935
650.19
650.323
650.354
650.902
651.193
651.789
652.074
652.124
652.132
652.193
652.818
652.824
652.92
653.026
653.497
653.539
653.561
653.757
653.882
654.111
654.284
654.49
654.521
654.536
654.782
655.035
655.229
655.26
655.315
655.41
656.096
656.269
656.277
656.339
656.443
656.654
656.893
657.093
657.243
657.442
657.915
657.976
658.029
658.076
658.118
658.145
658.402
658.588
659.114
659.137
659.159
659.432
659.434
659.507
659.527
659.617
659.878
660.024
660.22
660.301
660.368
660.534
660.55
660.662
661.528
661.734
662.075
662.152
662.593
662.646
662.672
662.678
662.924
663.063
663.394
663.432
663.478
663.591
663.797
664.19
664.45
664.457
664.873
665.086
665.109
665.218
665.369
666.123
666.198
666.363
666.477
666.487
666.708
667.45
667.746
668.298
668.423
668.52
669.136
669.169
669.64
669.898
670.1
670.41
670.537
670.691
670.696
670.818
671.065
671.334
671.394
671.411
671.643
671.774
672.207
672.367
672.58
673.18
673.29
673.314
673.656
673.82
674.108
674.208
674.522
674.544
674.835
674.908
675.231
675.264
675.491
675.626
675.667
675.84
675.972
676.061
676.128
676.196
676.267
676.293
676.651
676.797
677.374
678.082
678.124
678.224
678.37
678.381
678.689
678.701
678.776
679.273
679.699
679.735
680.375
680.472
680.779
680.819
680.867
681.131
681.135
681.608
681.615
681.797
681.943
682.08
682.44
682.639
682.757
683.314
683.568
684.034
684.342
684.451
684.624
685.136
685.215
685.708
685.717
686.358
686.459
686.613
686.623
686.717
686.816
687.573
687.787
687.819
688.226
688.414
688.562
688.644
688.753
688.964
688.972
689.334
689.683
690.01
690.246
690.263
690.323
690.511
690.546
690.649
690.852
691.053
691.266
691.706
692.018
692.02
692.226
692.259
692.483
692.802
693.174
693.223
693.264
693.284
693.285
693.325
693.593
693.954
694.059
694.061
694.277
694.659
694.664
694.667
694.693
694.932
695.047
695.252
695.369
695.41
695.422
695.432
695.705
695.906
696
696.046
696.201
696.266
696.289
696.964
697.205
697.444
697.479
697.684
697.824
697.884
698.024
698.305
698.543
698.742
698.893
699.384
699.409
699.701
699.712
699.824
700.123
700.297
700.805
700.899
701.173
701.179
701.217
701.294
701.327
701.523
701.612
701.84
701.957
701.998
702.015
702.2
702.408
702.653
702.818
702.836
703.003
703.027
703.384
703.573
704.055
704.064
704.079
704.12
704.207
704.388
704.651
704.783
704.822
705.137
705.244
705.285
705.499
705.653
705.759
705.8
706.334
706.404
706.689
706.874
707.343
707.552
707.569
707.627
707.71
707.998
708.076
709.064
709.094
709.096
709.146
709.296
709.407
709.454
709.821
709.828
709.946
710.102
710.121
710.238
710.354
710.472
710.838
710.958
711.488
711.649
711.842
711.936
712.04
712.283
712.437
712.538
712.984
713.165
713.27
713.333
713.372
713.652
714.267
714.286
714.319
714.636
714.987
715.11
715.145
715.955
715.993
716.18
717.353
717.364
717.388
717.553
717.732
717.789
717.95
718.26
718.291
718.451
718.483
718.57
718.657
718.721
718.883
718.95
718.958
719.369
719.373
719.375
719.603
720.435
720.474
720.592
721.174
721.518
721.568
721.668
721.796
722.194
722.53
722.535
722.989
723.517
723.834
723.859
723.93
724.031
724.185
724.271
724.293
724.63
724.695
724.851
725.074
725.41
725.557
725.836
726.083
726.347
726.664
727.218
727.505
727.7
727.782
728.032
728.103
728.389
728.55
728.657
728.821
728.884
728.894
729.158
729.168
729.321
729.628
729.746
730.114
730.159
730.171
730.362
730.439
730.665
730.722
730.801
730.867
731.07
731.078
731.313
731.358
731.395
731.754
731.853
731.951
732.653
732.798
733.12
733.129
733.218
733.32
733.377
733.845
733.986
734.224
734.253
734.395
734.643
734.792
734.938
735.138
735.537
735.628
735.636
735.842
735.955
736.239
736.354
736.593
736.754
736.948
736.95
737.005
737.552
737.836
737.848
738.179
738.266
738.513
738.88
739.049
739.363
740.105
740.344
741.08
741.908
742.006
742.227
742.249
742.337
742.409
742.423
743.261
743.702
743.81
743.861
743.873
744.057
744.203
744.547
745.682
745.726
745.807
745.845
746.043
746.193
746.433
746.434
746.455
746.502
746.543
746.825
746.828
747.133
747.208
747.958
748.146
748.244
748.343
748.425
748.588
748.619
749.431
749.561
750.523
750.649
750.956
751.209
751.335
751.864
752.14
752.15
752.912
753.049
753.138
753.496
753.54
753.695
753.707
753.967
753.988
754.198
754.6
754.691
754.768
754.996
755.016
755.228
755.728
755.986
756.195
756.555
756.834
757.287
757.288
757.497
757.535
758.019
758.025
758.305
758.423
758.822
759.769
759.925
760.017
760.041
760.15
761.193
761.366
761.403
761.45
761.47
761.845
762.124
762.156
762.173
762.463
762.844
762.937
763.042
763.207
763.222
763.758
763.848
764.038
764.409
764.454
764.484
764.786
765.02
765.191
765.444
765.857
766.008
766.073
766.342
766.598
766.776
766.937
767.792
768.235
768.636
768.865
769.051
769.087
769.753
770.028
770.114
770.948
771.118
771.446
771.681
772.062
772.187
772.232
772.475
772.676
772.689
772.875
773.473
773.498
773.631
773.771
773.809
773.954
773.984
774.198
774.233
774.394
774.488
774.58
775.131
775.382
775.495
775.6
775.758
775.892
775.921
775.929
776.159
776.696
776.866
777.447
777.454
777.5
777.514
777.531
777.599
777.898
778.308
778.525
778.589
778.6
778.687
778.737
778.958
779.022
779.106
779.397
779.442
779.625
779.911
780.172
780.26
780.465
780.841
781.436
781.875
782.272
782.274
782.385
782.559
782.571
783.018
783.059
783.143
783.214
783.471
783.474
783.635
783.999
784.101
784.124
784.232
784.406
784.636
784.648
784.842
784.954
785.278
785.443
785.63
785.692
786.11
786.237
786.518
786.636
786.745
787.819
787.821
788.795
788.797
789.064
789.302
789.422
789.595
789.661
790.019
790.249
790.504
790.707
790.77
790.87
791.627
791.655
791.802
792.002
792.052
792.076
792.111
792.557
792.985
793.237
793.366
793.649
793.94
793.943
794.021
794.111
794.272
794.583
794.848
795.082
795.1
795.121
795.262
795.421
795.748
795.766
795.794
795.865
796.17
796.943
796.955
797.234
797.417
797.673
797.764
798.053
798.172
798.206
798.394
798.478
798.863
798.873
799.042
799.199
799.2
799.374
799.444
799.92
800.033
800.13
800.325
800.43
800.588
801.076
801.544
801.791
801.793
802.371
802.579
802.779
803.005
803.097
803.395
803.946
804.009
804.416
804.433
804.694
804.694
805.435
805.849
806.123
806.261
806.733
806.787
806.817
806.874
807.167
807.225
807.324
808.34
808.374
808.399
808.407
808.651
809.077
809.317
809.406
809.535
809.563
809.688
809.865
809.942
810.072
810.193
810.692
810.904
810.964
811.091
811.882
812.072
812.114
812.171
812.224
812.253
812.276
812.328
812.387
813.015
813.062
813.151
813.608
813.917
813.929
814.004
814.093
814.425
814.568
814.619
814.801
814.903
815.5
815.754
816.208
816.217
816.659
816.969
817.317
817.43
817.476
817.719
817.772
818
818.44
818.657
818.708
818.915
819.024
819.057
819.276
819.286
819.371
819.384
819.416
819.501
820.285
820.453
820.523
820.535
820.917
821.452
821.687
821.755
821.897
821.944
822.066
822.293
823.295
824.239
824.422
824.609
824.618
824.781
824.803
824.981
825.365
825.798
825.841
826.053
826.31
826.515
826.71
827.252
827.52
828.043
828.083
828.12
828.181
828.317
828.37
828.541
828.722
828.931
828.946
829.044
829.355
829.905
830.011
830.188
830.405
830.441
830.475
831.591
831.931
832.39
832.501
832.517
832.546
832.645
832.755
832.951
833.045
833.297
833.441
833.702
833.816
834.075
834.145
834.252
834.406
834.653
834.737
834.786
834.789
835.329
835.434
835.634
835.957
836.394
836.605
836.682
836.989
837.145
837.861
837.985
838.053
838.062
838.118
838.351
838.825
838.963
839.182
839.367
839.737
839.866
840.188
840.193
840.257
840.764
840.819
840.847
840.959
841.303
841.829
842.232
842.731
842.809
842.809
843.102
843.19
843.623
843.674
844.777
845.01
845.144
845.158
845.317
845.437
845.752
845.994
846.111
846.138
846.372
846.664
846.728
846.762
847.025
847.317
847.385
847.456
847.583
847.789
847.94
848.036
848.172
848.194
848.208
849.079
850.014
850.032
850.153
850.213
850.439
850.501
850.631
850.637
850.753
850.757
850.778
850.839
850.994
851.022
851.063
851.637
851.717
851.757
852.12
852.135
852.37
852.588
852.729
852.794
853.103
853.152
853.177
853.294
853.413
853.498
853.65
853.689
854.488
854.488
854.733
854.744
855.246
855.339
855.389
855.412
855.599
855.662
855.732
856
856.172
856.198
856.493
857.17
857.206
857.355
857.687
857.771
858.046
858.937
859.808
860.145
861.307
861.333
861.447
861.62
861.709
861.715
861.75
861.787
862.028
862.047
862.259
862.28
862.367
862.522
862.676
862.683
862.874
862.92
863.002
863.036
863.07
863.102
863.281
863.67
863.791
863.985
864.436
864.642
864.969
865.432
865.52
865.636
865.789
866.283
866.352
866.443
866.545
866.622
866.641
866.84
867.661
867.791
868.181
868.362
868.47
868.624
868.939
868.957
868.989
869.677
870.008
870.259
870.592
870.629
871.412
871.576
871.703
871.866
871.945
872.36
872.393
872.63
872.698
873.133
873.17
873.507
873.664
873.712
874.045
874.214
875.143
875.278
875.428
875.429
875.653
875.723
875.802
875.88
875.944
876.083
876.236
876.495
876.798
876.907
876.912
877.389
877.793
877.927
878.09
878.166
878.242
878.258
878.587
878.908
879.122
879.174
879.299
879.465
879.583
879.757
879.839
880.014
880.543
880.593
880.648
881.49
881.674
881.767
881.996
882.059
882.119
882.147
882.317
882.407
882.486
882.599
882.622
882.647
883.053
883.314
883.448
883.603
884.214
884.342
884.377
884.467
884.536
884.638
884.776
885.395
885.478
885.657
885.792
886.103
886.141
886.163
886.444
886.595
886.595
886.63
886.681
886.745
886.789
886.917
886.997
887.201
887.305
887.413
887.581
887.62
887.698
887.725
887.758
888.636
888.673
889.394
889.618
889.673
890.686
890.815
891.003
891.216
891.218
891.219
891.257
891.309
891.52
891.587
891.627
891.728
892.127
892.786
892.836
892.87
892.923
893.003
893.055
893.12
893.137
893.281
893.332
893.396
893.496
893.623
893.639
893.849
893.951
894.002
894.407
895.667
895.788
895.946
896.412
896.422
896.507
896.599
896.717
897.416
897.48
897.822
897.874
898.048
898.53
898.654
899.152
899.25
899.439
899.615
899.641
900.208
900.505
900.568
900.746
901.427
901.549
901.555
901.597
901.747
901.771
901.787
901.86
901.875
901.918
901.922
902.534
902.858
902.985
903.24
903.43
903.7
904.059
904.139
904.459
904.51
904.615
904.709
904.953
905.238
905.325
905.37
905.835
906.145
906.221
906.548
906.715
906.963
907.365
908.464
908.518
908.642
908.735
908.901
909.408
909.552
909.991
910.283
911.87
911.876
912.111
912.222
912.457
912.569
912.937
913.192
913.222
913.585
913.715
914.055
914.555
914.637
914.789
914.853
915.28
915.419
915.839
916.003
916.045
916.586
916.935
917.012
917.2
917.231
917.274
917.507
917.55
917.56
917.914
918.033
918.068
918.117
918.192
918.201
919.049
919.201
919.433
919.539
921.124
921.129
921.335
921.483
921.737
922.028
922.387
922.812
923.024
923.13
923.191
923.51
923.686
923.708
924.188
924.224
924.25
924.31
924.633
924.683
925.033
925.035
925.102
925.181
925.274
925.601
925.639
925.762
925.916
926.184
926.598
927.01
927.053
927.217
927.547
927.597
927.912
927.979
928.023
928.497
928.509
928.83
929.276
929.68
929.726
930.714
931.003
931.363
931.486
931.645
931.765
931.912
932.031
932.44
932.593
932.803
933.005
933.146
933.211
933.283
933.737
934.273
934.554
934.81
934.956
935.137
935.388
935.452
935.736
935.741
935.8
936.261
936.37
936.455
936.789
937.099
937.153
937.877
938.034
938.045
938.141
938.42
938.616
938.658
939.179
939.349
939.43
939.698
939.853
939.89
939.98
940.084
940.674
940.835
941.12
941.219
941.268
941.385
941.419
941.585
941.711
942.095
942.116
942.454
942.931
943.512
943.567
943.599
943.636
943.806
944.102
944.117
944.362
944.388
944.412
944.43
944.497
944.616
944.656
944.689
944.794
944.908
945.509
945.55
945.61
945.664
946.034
946.293
947.083
947.503
947.762
947.781
948.075
948.404
948.795
948.817
948.997
949.457
949.658
949.73
949.868
949.987
950.08
950.084
950.373
950.43
950.513
950.761
950.77
950.968
951.359
951.503
951.51
951.615
951.735
951.868
952.538
952.656
952.815
952.959
953.03
953.381
953.542
953.596
953.869
953.903
954.455
954.473
954.533
955.667
955.683
956.012
956.222
956.335
956.459
956.659
956.694
957.021
957.559
957.943
957.994
958.104
958.188
958.261
958.634
958.868
958.906
959.075
959.212
959.332
959.504
959.894
960.415
960.599
960.63
960.737
960.753
961.482
961.697
962.113
962.217
962.317
962.907
963.187
963.275
963.96
963.987
964.077
964.729
965.153
965.205
965.789
966.078
966.097
966.673
966.817
966.829
966.994
967.191
967.445
967.53
967.678
968.403
968.528
968.726
968.772
968.937
968.973
969.503
969.689
969.855
969.908
969.953
969.959
970.023
970.114
970.144
970.264
970.399
971.062
971.187
971.359
971.893
972.47
972.922
972.934
973.209
973.287
973.835
973.853
973.877
973.962
973.998
974.344
974.384
974.526
974.664
975.094
975.184
975.615
975.917
976.389
976.701
976.763
976.874
977.013
977.213
977.239
977.292
977.631
977.848
977.934
977.944
977.949
978.098
978.118
978.231
978.269
978.35
978.517
978.964
978.966
979.083
979.413
979.576
980.329
980.456
980.512
980.854
980.892
980.896
981.139
981.186
981.418
981.506
981.645
982.18
982.304
982.548
982.826
983.501
983.794
984.019
984.39
984.418
984.457
984.703
984.736
984.963
985.04
985.2
985.533
985.537
985.686
985.775
985.824
986.127
986.205
986.221
986.25
986.292
986.346
986.404
986.538
987
987.055
987.095
987.415
987.469
987.548
987.811
987.854
988.027
988.071
988.392
988.399
988.756
988.899
988.95
988.993
989.019
989.27
989.644
989.79
989.811
990.33
990.447
990.505
990.549
990.597
990.597
990.6
990.98
991.241
991.473
991.539
991.676
991.824
991.906
992.083
992.883
992.905
993.016
993.192
993.716
993.732
994.105
994.349
994.768
994.796
994.903
994.957
995.182
995.31
995.32
995.598
995.674
995.749
995.94
996.284
996.381
996.431
996.823
997.016
997.05
997.369
997.659
997.7
997.812
997.849
997.924
998.066
998.134
998.482
998.824
998.884
999.001
999.261
999.303
999.32
999.391
999.987
Total comparison_count = 158112
